,Date,Open,High,Low,Close
5382,2021-12-31,0.7288,0.7478,0.713,0.7164
5381,2021-12-30,0.71,0.768,0.69,0.7224
5380,2021-12-29,0.732,0.732,0.685,0.7097
5379,2021-12-28,0.77,0.7744,0.7261,0.727
5378,2021-12-27,0.8475,0.85,0.7611,0.7692
5377,2021-12-23,0.8232,0.85,0.8151,0.8464
5376,2021-12-22,0.78,0.8249,0.78,0.8137
5375,2021-12-21,0.7549,0.8145,0.7521,0.7854
5374,2021-12-20,0.763,0.77,0.735,0.7518
5373,2021-12-17,0.7559,0.785,0.73,0.75
5372,2021-12-16,0.76,0.76,0.72,0.7422
5371,2021-12-15,0.74,0.7502,0.685,0.7502
5370,2021-12-14,0.7475,0.777,0.72,0.7266
5369,2021-12-13,0.7277,0.7863,0.7277,0.7627
5368,2021-12-10,0.7606,0.7649,0.72,0.7478
5367,2021-12-09,0.78,0.815,0.76,0.764
5366,2021-12-08,0.7719,0.805,0.76,0.7793
5365,2021-12-07,0.74,0.8096,0.74,0.772
5364,2021-12-06,0.72,0.758,0.7025,0.7379
5363,2021-12-03,0.7598,0.766,0.71,0.7259
5362,2021-12-02,0.75,0.7778,0.7413,0.7598
5361,2021-12-01,0.83,0.84,0.7404,0.75
5360,2021-11-30,0.7594,0.82,0.7505,0.82
5359,2021-11-29,0.7993,0.81,0.7486,0.7499
5358,2021-11-26,0.7841,0.806,0.77,0.7924
5357,2021-11-24,0.85,0.85,0.8,0.8281
5356,2021-11-23,0.783,0.8633,0.783,0.8499
5355,2021-11-22,0.76,0.7897,0.74,0.7711
5354,2021-11-19,0.761,0.8031,0.7548,0.7548
5353,2021-11-18,0.84,0.8413,0.755,0.756
5352,2021-11-17,0.869,0.8733,0.83,0.8413
5351,2021-11-16,0.8991,0.9099,0.8477,0.8736
5350,2021-11-15,0.92,0.9296,0.8859,0.89
5349,2021-11-12,0.92,0.9369,0.9105,0.914
5348,2021-11-11,0.909,0.9299,0.8718,0.9108
5347,2021-11-10,0.947,0.97,0.8789,0.8859
5346,2021-11-09,1.02,1.05,0.99,1.01
5345,2021-11-08,1.08,1.085,1.0,1.03
5344,2021-11-05,1.1,1.125,1.07,1.07
5343,2021-11-04,1.16,1.17,1.07,1.1
5342,2021-11-03,1.07,1.14,1.06,1.14
5341,2021-11-02,1.13,1.14,1.04,1.07
5340,2021-11-01,0.984,1.13,0.984,1.11
5339,2021-10-29,0.94,1.0,0.9355,0.9613
5338,2021-10-28,0.99,0.99,0.93,0.9369
5337,2021-10-27,0.97,0.9822,0.95,0.9523
5336,2021-10-26,0.98,0.9943,0.96,0.9601
5335,2021-10-25,0.98,0.9975,0.961,0.9701
5334,2021-10-22,1.02,1.0389,0.9611,0.97
5333,2021-10-21,1.07,1.07,1.03,1.04
5332,2021-10-20,1.04,1.07,1.02,1.05
5331,2021-10-19,1.03,1.04,1.02,1.04
5330,2021-10-18,1.0,1.03,0.9875,1.02
5329,2021-10-15,1.04,1.04,0.97,0.9937
5328,2021-10-14,1.04,1.05,1.01,1.02
5327,2021-10-13,1.02,1.04,1.01,1.04
5326,2021-10-12,1.04,1.06,1.01,1.015
5325,2021-10-11,1.05,1.05,1.02,1.03
5324,2021-10-08,1.03,1.05,1.02,1.04
5323,2021-10-07,1.03,1.04,1.02,1.04
5322,2021-10-06,1.0144,1.03,1.0,1.02
5321,2021-10-05,1.04,1.05,1.01,1.03
5320,2021-10-04,1.1,1.1,1.04,1.05
5319,2021-10-01,1.07,1.1,1.05,1.1
5318,2021-09-30,1.0381,1.0999,1.01,1.09
5317,2021-09-29,1.11,1.13,1.015,1.05
5316,2021-09-28,1.1512,1.19,1.06,1.12
5315,2021-09-27,1.32,1.3375,1.23,1.23
5314,2021-09-24,1.3,1.35,1.26,1.31
5313,2021-09-23,1.33,1.35,1.29,1.33
5312,2021-09-22,1.34,1.35,1.3,1.31
5311,2021-09-21,1.32,1.38,1.27,1.34
5310,2021-09-20,1.37,1.415,1.3,1.31
5309,2021-09-17,1.44,1.47,1.38,1.38
5308,2021-09-16,1.38,1.46,1.36,1.45
5307,2021-09-15,1.4,1.47,1.37,1.4
5306,2021-09-14,1.39,1.46,1.35,1.42
5305,2021-09-13,1.41,1.42,1.33,1.39
5304,2021-09-10,1.45,1.48,1.39,1.41
5303,2021-09-09,1.45,1.47,1.425,1.45
5302,2021-09-08,1.52,1.52,1.41,1.45
5301,2021-09-07,1.57,1.6,1.53,1.55
5300,2021-09-03,1.62,1.62,1.41,1.54
5299,2021-09-02,1.57,1.6188,1.542,1.61
5298,2021-09-01,1.53,1.55,1.47,1.54
5297,2021-08-31,1.41,1.62,1.41,1.52
5296,2021-08-30,1.46,1.4891,1.4,1.41
5295,2021-08-27,1.35,1.51,1.3,1.45
5294,2021-08-26,1.33,1.39,1.3,1.33
5293,2021-08-25,1.2918,1.35,1.25,1.34
5292,2021-08-24,1.29,1.3,1.2,1.29
5291,2021-08-23,1.395,1.4,1.19,1.26
5290,2021-08-20,1.19,1.35,1.16,1.33
5289,2021-08-19,1.14,1.2599,1.12,1.16
5288,2021-08-18,1.0,1.18,0.9701,1.1
5287,2021-08-17,0.98,1.02,0.935,1.0
5286,2021-08-16,1.05,1.1,0.97,1.01
5285,2021-08-13,0.92,0.93,0.8963,0.9013
5284,2021-08-12,0.9499,0.95,0.91,0.9106
5283,2021-08-11,0.91,0.95,0.8917,0.9491
5282,2021-08-10,0.91,0.9895,0.8921,0.9133
5281,2021-08-09,0.935,0.95,0.895,0.9153
5280,2021-08-06,1.0675,1.07,0.8825,0.9249
5279,2021-08-05,1.06,1.085,1.05,1.08
5278,2021-08-04,1.08,1.0878,1.05,1.05
5277,2021-08-03,1.1318,1.1318,1.07,1.08
5276,2021-08-02,1.1,1.15,1.1,1.13
5275,2021-07-30,1.07,1.11,1.05,1.09
5274,2021-07-29,1.08,1.1,1.06,1.06
5273,2021-07-28,1.08,1.1,1.05,1.08
5272,2021-07-27,1.1,1.1164,1.05,1.06
5271,2021-07-26,1.07,1.11,1.05,1.11
5270,2021-07-23,1.11,1.12,1.05,1.07
5269,2021-07-22,1.15,1.16,1.11,1.12
5268,2021-07-21,1.11,1.18,1.11,1.18
5267,2021-07-20,1.15,1.15,1.09,1.12
5266,2021-07-19,1.11,1.16,1.085,1.11
5265,2021-07-16,1.11,1.13,1.08,1.09
5264,2021-07-15,1.11,1.15,1.08,1.1
5263,2021-07-14,1.15,1.16,1.1,1.11
5262,2021-07-13,1.17,1.2,1.12,1.16
5261,2021-07-12,1.23,1.24,1.16,1.17
5260,2021-07-09,1.17,1.3,1.14,1.25
5259,2021-07-08,1.2239,1.24,1.11,1.12
5258,2021-07-07,1.33,1.34,1.23,1.27
5257,2021-07-06,1.43,1.435,1.32,1.33
5256,2021-07-02,1.39,1.405,1.37,1.4
5255,2021-07-01,1.38,1.43,1.37,1.39
5254,2021-06-30,1.44,1.44,1.37,1.39
5253,2021-06-29,1.4622,1.52,1.4001,1.43
5252,2021-06-28,1.42,1.54,1.42,1.48
5251,2021-06-25,1.35,1.45,1.345,1.41
5250,2021-06-24,1.36,1.37,1.32,1.34
5249,2021-06-23,1.4,1.41,1.33,1.35
5248,2021-06-22,1.38,1.38,1.32,1.33
5247,2021-06-21,1.439,1.44,1.36,1.37
5246,2021-06-18,1.48,1.4882,1.41,1.41
5245,2021-06-17,1.52,1.53,1.45,1.48
5244,2021-06-16,1.5,1.52,1.45,1.49
5243,2021-06-15,1.5,1.55,1.47,1.5
5242,2021-06-14,1.4824,1.54,1.48,1.49
5241,2021-06-11,1.5,1.509,1.45,1.47
5240,2021-06-10,1.45,1.5,1.42,1.47
5239,2021-06-09,1.6,1.625,1.57,1.6
5238,2021-06-08,1.73,1.75,1.59,1.6
5237,2021-06-07,1.69,1.75,1.63,1.7
5236,2021-06-04,1.7,1.74,1.67,1.67
5235,2021-06-03,1.7618,1.7618,1.66,1.69
5234,2021-06-02,1.81,1.84,1.73,1.75
5233,2021-06-01,1.98,1.98,1.76,1.8
5232,2021-05-28,1.6858,1.98,1.67,1.96
5231,2021-05-27,1.6,1.69,1.59,1.66
5230,2021-05-26,1.61,1.645,1.58,1.63
5229,2021-05-25,1.61,1.66,1.555,1.61
5228,2021-05-24,1.7,1.72,1.6,1.62
5227,2021-05-21,1.7,1.71,1.63,1.69
5226,2021-05-20,1.78,1.78,1.62,1.68
5225,2021-05-19,1.78,1.79,1.65,1.65
5224,2021-05-18,1.58,1.86,1.5,1.84
5223,2021-05-17,1.55,1.65,1.52,1.56
5222,2021-05-14,1.5,1.52,1.46,1.5
5221,2021-05-13,1.61,1.64,1.49,1.51
5220,2021-05-12,1.74,1.75,1.56,1.57
5219,2021-05-11,1.61,1.77,1.6,1.75
5218,2021-05-10,1.76,1.78,1.63,1.7
5217,2021-05-07,1.73,1.73,1.66,1.73
5216,2021-05-06,1.7,1.72,1.62,1.71
5215,2021-05-05,1.7,1.73,1.675,1.7
5214,2021-05-04,1.78,1.78,1.65,1.68
5213,2021-05-03,1.82,1.84,1.72,1.77
5212,2021-04-30,1.78,1.83,1.74,1.81
5211,2021-04-29,1.82,1.85,1.69,1.835
5210,2021-04-28,1.81,1.83,1.72,1.76
5209,2021-04-27,1.91,1.92,1.76,1.79
5208,2021-04-26,1.99,1.99,1.84,1.86
5207,2021-04-23,1.87,1.97,1.83,1.97
5206,2021-04-22,1.97,1.986,1.84,1.85
5205,2021-04-21,1.76,1.99,1.76,1.98
5204,2021-04-20,1.82,1.85,1.74,1.79
5203,2021-04-19,1.93,1.93,1.78,1.82
5202,2021-04-16,1.83,1.93,1.755,1.89
5201,2021-04-15,1.87,1.92,1.82,1.85
5200,2021-04-14,1.9,1.93,1.86,1.87
5199,2021-04-13,1.93,1.98,1.82,1.91
5198,2021-04-12,2.06,2.08,1.93,1.93
5197,2021-04-09,2.19,2.19,2.03,2.05
5196,2021-04-08,2.1,2.17,1.86,2.17
5195,2021-04-07,2.12,2.18,2.05,2.1
5194,2021-04-06,2.2,2.24,2.13,2.15
5193,2021-04-05,2.25,2.25,2.18,2.23
5192,2021-04-01,2.19,2.24,2.14,2.19
5191,2021-03-31,2.18,2.2,2.12,2.18
5190,2021-03-30,2.11,2.15,2.06,2.15
5189,2021-03-29,2.27,2.28,2.1,2.14
5188,2021-03-26,2.27,2.3,2.16,2.3
5187,2021-03-25,2.14,2.28,2.13,2.24
5186,2021-03-24,2.3,2.34,2.17,2.18
5185,2021-03-23,2.5,2.5,2.23,2.28
5184,2021-03-22,2.48,2.54,2.43,2.45
5183,2021-03-19,2.54,2.61,2.43,2.48
5182,2021-03-18,2.49,2.61,2.43,2.49
5181,2021-03-17,2.29,2.61,2.28,2.49
5180,2021-03-16,2.61,2.638,2.46,2.51
5179,2021-03-15,2.43,2.66,2.43,2.61
5178,2021-03-12,2.4,2.54,2.4,2.51
5177,2021-03-11,2.31,2.47,2.305,2.46
5176,2021-03-10,2.28,2.36,2.235,2.29
5175,2021-03-09,2.29,2.45,2.26,2.27
5174,2021-03-08,2.4328,2.4328,2.19,2.26
5173,2021-03-05,2.39,2.39,2.02,2.28
5172,2021-03-04,2.5,2.5,2.2,2.3
5171,2021-03-03,2.59,2.67,2.52,2.52
5170,2021-03-02,2.62,2.77,2.56,2.65
5169,2021-03-01,2.51,2.68,2.48,2.59
5168,2021-02-26,2.49,2.6,2.33,2.44
5167,2021-02-25,2.6,2.65,2.452,2.47
5166,2021-02-24,2.52,2.75,2.51,2.69
5165,2021-02-23,2.52,2.57,2.34,2.42
5164,2021-02-22,2.4403,2.86,2.43,2.71
5163,2021-02-19,2.6,2.69,2.5,2.53
5162,2021-02-18,2.71,2.74,2.37,2.66
5161,2021-02-17,2.79,2.87,2.705,2.77
5160,2021-02-16,2.9,2.95,2.8101,2.9
5159,2021-02-12,2.82,2.945,2.67,2.93
5158,2021-02-11,2.9722,3.0,2.65,2.83
5157,2021-02-10,2.96,3.0,2.75,2.86
5156,2021-02-09,3.17,3.17,2.8,2.94
5155,2021-02-08,2.9073,3.27,2.9073,3.12
5154,2021-02-05,2.5439,2.75,2.53,2.67
5153,2021-02-04,2.49,2.55,2.39,2.5
5152,2021-02-03,2.4,2.41,2.155,2.31
5151,2021-02-02,1.83,2.18,1.75,2.01
5150,2021-02-01,1.74,1.85,1.69,1.7
5149,2021-01-29,1.75,1.94,1.67,1.68
5148,2021-01-28,1.72,1.75,1.49,1.7
5147,2021-01-27,1.95,1.98,1.71,1.81
5146,2021-01-26,2.06,2.07,1.92,1.94
5145,2021-01-25,2.11,2.25,2.06,2.11
5144,2021-01-22,2.09,2.0982,2.01,2.08
5143,2021-01-21,2.07,2.14,2.01,2.1
5142,2021-01-20,2.11,2.11,2.02,2.04
5141,2021-01-19,2.14,2.14,2.04,2.11
5140,2021-01-15,2.1143,2.16,2.02,2.09
5139,2021-01-14,2.01,2.1,2.0,2.08
5138,2021-01-13,2.07,2.0795,1.95,1.98
5137,2021-01-12,2.0,2.09,1.98,2.05
5136,2021-01-11,1.97,1.99,1.9,1.97
5135,2021-01-08,2.05,2.05,1.88,1.94
5134,2021-01-07,2.04,2.07,1.95,1.97
5133,2021-01-06,2.03,2.1,1.98,2.04
5132,2021-01-05,2.06,2.0986,2.0,2.0
5131,2021-01-04,2.2,2.21,1.98,2.08
5130,2020-12-31,2.2,2.3,2.03,2.19
5129,2020-12-30,2.4,2.43,2.21,2.24
5128,2020-12-29,2.56,2.58,2.37,2.38
5127,2020-12-28,2.59,2.6,2.5,2.5
5126,2020-12-24,2.66,2.67,2.52,2.56
5125,2020-12-23,2.64,2.64,2.5,2.64
5124,2020-12-22,2.6,2.69,2.47,2.65
5123,2020-12-21,2.51,2.56,2.37,2.54
5122,2020-12-18,2.7,2.78,2.46,2.48
5121,2020-12-17,2.7,2.71,2.58,2.65
5120,2020-12-16,2.64,2.71,2.54,2.64
5119,2020-12-15,2.395,2.65,2.3,2.63
5118,2020-12-14,2.49,2.57,2.46,2.56
5117,2020-12-11,2.52,2.57,2.27,2.53
5116,2020-12-10,2.28,2.55,2.25,2.54
5115,2020-12-09,2.44,2.45,2.26,2.28
5114,2020-12-08,2.47,2.5,2.37,2.42
5113,2020-12-07,2.59,2.64,2.47,2.48
5112,2020-12-04,2.4,2.56,2.4,2.56
5111,2020-12-03,2.46,2.49,2.37,2.38
5110,2020-12-02,2.33,2.5,2.28,2.46
5109,2020-12-01,2.3,2.45,2.25,2.35
5108,2020-11-30,2.23,2.32,2.19,2.26
5107,2020-11-27,2.21,2.29,2.12,2.19
5106,2020-11-25,2.27,2.27,2.1,2.18
5105,2020-11-24,2.13,2.23,2.11,2.18
5104,2020-11-23,2.14,2.21,2.08,2.1
5103,2020-11-20,2.15,2.23,2.1,2.13
5102,2020-11-19,2.285,2.285,2.05,2.18
5101,2020-11-18,2.12,2.34,2.11,2.2
5100,2020-11-17,2.12,2.16,2.04,2.12
5099,2020-11-16,2.16,2.16,2.0344,2.11
5098,2020-11-13,2.0,2.095,1.92,2.03
5097,2020-11-12,2.12,2.12,1.91,1.99
5096,2020-11-11,2.12,2.12,2.0,2.06
5095,2020-11-10,1.99,2.12,1.95,2.08
5094,2020-11-09,1.84,2.04,1.83,2.02
5093,2020-11-06,1.83,1.8755,1.7,1.81
5092,2020-11-05,1.82,1.98,1.79,1.8
5091,2020-11-04,1.86,1.89,1.78,1.8
5090,2020-11-03,1.81,1.88,1.77,1.85
5089,2020-11-02,1.75,1.94,1.73,1.77
5088,2020-10-30,1.83,1.86,1.71,1.74
5087,2020-10-29,1.85,1.87,1.8,1.84
5086,2020-10-28,1.89,1.9,1.8,1.86
5085,2020-10-27,1.92,1.93,1.87,1.92
5084,2020-10-26,1.96,2.0,1.86,1.92
5083,2020-10-23,1.94,2.07,1.9,1.96
5082,2020-10-22,1.97,2.02,1.88,1.93
5081,2020-10-21,2.06,2.06,1.95,1.95
5080,2020-10-20,2.1,2.11,1.95,2.01
5079,2020-10-19,2.23,2.23,1.99,2.0
5078,2020-10-16,2.14,2.23,2.13,2.18
5077,2020-10-15,2.16,2.22,2.09,2.15
5076,2020-10-14,2.15,2.2,2.13,2.16
5075,2020-10-13,2.15,2.19,2.06,2.14
5074,2020-10-12,2.24,2.24,2.11,2.16
5073,2020-10-09,2.18,2.3,2.1201,2.2
5072,2020-10-08,2.01,2.21,1.995,2.16
5071,2020-10-07,1.86,2.05,1.86,2.02
5070,2020-10-06,1.78,2.04,1.78,1.93
5069,2020-10-05,1.76,1.93,1.74,1.84
5068,2020-10-02,1.74,1.75,1.65,1.75
5067,2020-10-01,1.8,1.8,1.72,1.75
5066,2020-09-30,2.12,2.18,1.76,1.81
5065,2020-09-29,2.0,2.09,1.92,1.99
5064,2020-09-28,1.93,2.08,1.93,2.0
5063,2020-09-25,1.85,1.94,1.85,1.92
5062,2020-09-24,1.86,1.91,1.78,1.9
5061,2020-09-23,1.94,1.94,1.85,1.86
5060,2020-09-22,1.95,1.96,1.87,1.93
5059,2020-09-21,2.22,2.22,1.91,1.93
5058,2020-09-18,2.09,2.21,2.01,2.19
5057,2020-09-17,1.91,2.11,1.895,2.04
5056,2020-09-16,1.89,1.9999,1.85,1.95
5055,2020-09-15,1.9,1.96,1.85,1.89
5054,2020-09-14,1.99,1.99,1.9,1.9
5053,2020-09-11,1.99,2.02,1.9199,1.97
5052,2020-09-10,2.08,2.09,1.95,1.97
5051,2020-09-09,2.01,2.1,1.95,2.1
5050,2020-09-08,2.03,2.06,1.95,1.97
5049,2020-09-04,2.06,2.06,1.89,2.05
5048,2020-09-03,2.06,2.14,2.0,2.03
5047,2020-09-02,2.15,2.166,2.01,2.08
5046,2020-09-01,2.2,2.25,2.07,2.11
5045,2020-08-31,2.13,2.32,2.12,2.22
5044,2020-08-28,2.2,2.205,2.15,2.15
5043,2020-08-27,2.24,2.25,2.17,2.2
5042,2020-08-26,2.21,2.28,2.1117,2.25
5041,2020-08-25,2.21,2.2487,2.12,2.23
5040,2020-08-24,2.33,2.33,2.17,2.22
5039,2020-08-21,2.26,2.3,2.175,2.22
5038,2020-08-20,2.49,2.49,2.29,2.32
5037,2020-08-19,2.45,2.54,2.38,2.4
5036,2020-08-18,2.4,2.55,2.4,2.44
5035,2020-08-17,2.52,2.57,2.38,2.44
5034,2020-08-14,2.65,2.65,2.52,2.53
5033,2020-08-13,2.66,2.74,2.62,2.64
5032,2020-08-12,2.75,2.78,2.61,2.68
5031,2020-08-11,2.85,2.93,2.71,2.75
5030,2020-08-10,2.99,3.0,2.64,2.75
5029,2020-08-07,2.76,2.9899,2.76,2.93
5028,2020-08-06,2.92,2.96,2.7814,2.885
5027,2020-08-05,3.0,3.08,2.94,2.96
5026,2020-08-04,2.94,3.08,2.94,2.97
5025,2020-08-03,2.88,2.97,2.76,2.95
5024,2020-07-31,2.97,2.99,2.8,2.81
5023,2020-07-30,2.92,3.065,2.91,3.02
5022,2020-07-29,2.81,3.01,2.8,2.985
5021,2020-07-28,3.06,3.07,2.78,2.95
5020,2020-07-27,3.12,3.145,2.94,3.1
5019,2020-07-24,3.26,3.29,3.0501,3.13
5018,2020-07-23,3.3,3.39,2.85,3.3
5017,2020-07-22,3.26,3.3002,3.12,3.14
5016,2020-07-21,3.37,3.41,3.05,3.33
5015,2020-07-20,3.66,3.7,3.15,3.19
5014,2020-07-17,3.75,3.82,3.58,3.6
5013,2020-07-16,3.83,3.9,3.49,3.74
5012,2020-07-15,3.81,3.97,3.56,3.8
5011,2020-07-14,3.1,3.44,3.01,3.39
5010,2020-07-13,2.94,3.17,2.92,2.99
5009,2020-07-10,2.76,2.95,2.72,2.92
5008,2020-07-09,2.83,2.83,2.7,2.73
5007,2020-07-08,2.75,2.9,2.71,2.75
5006,2020-07-07,2.85,2.86,2.7,2.7
5005,2020-07-06,3.09,3.18,2.78,2.84
5004,2020-07-02,3.15,3.19,2.88,2.94
5003,2020-07-01,3.16,3.26,3.06,3.09
5002,2020-06-30,3.02,3.32,2.9,3.18
5001,2020-06-29,2.81,3.04,2.81,2.85
5000,2020-06-26,2.74,2.99,2.6699,2.83
4999,2020-06-25,2.88,2.93,2.73,2.75
4998,2020-06-24,3.03,3.03,2.8796,2.89
4997,2020-06-23,3.2,3.2076,3.02,3.04
4996,2020-06-22,3.17,3.25,3.08,3.15
4995,2020-06-19,3.01,3.19,3.0,3.18
4994,2020-06-18,3.08,3.09,2.92,2.97
4993,2020-06-17,3.33,3.33,3.06,3.08
4992,2020-06-16,3.12,3.6,3.12,3.3
4991,2020-06-15,2.89,3.105,2.88,3.0
4990,2020-06-12,3.12,3.19,2.9627,2.98
4989,2020-06-11,3.1,3.125,2.99,3.05
4988,2020-06-10,3.15,3.21,3.03,3.2
4987,2020-06-09,3.08,3.26,3.03,3.11
4986,2020-06-08,3.29,3.305,3.01,3.11
4985,2020-06-05,2.95,3.09,2.9109,3.07
4984,2020-06-04,2.84,2.95,2.7881,2.93
4983,2020-06-03,2.89,2.93,2.8,2.87
4982,2020-06-02,2.7,2.87,2.62,2.84
4981,2020-06-01,2.71,2.73,2.595,2.66
4980,2020-05-29,2.61,2.72,2.61,2.72
4979,2020-05-28,2.75,2.75,2.61,2.65
4978,2020-05-27,2.48,2.7,2.45,2.67
4977,2020-05-26,2.22,2.59,2.22,2.52
4976,2020-05-22,2.28,2.28,2.1302,2.18
4975,2020-05-21,2.4,2.4,2.24,2.27
4974,2020-05-20,2.35,2.39,2.26,2.38
4973,2020-05-19,2.32,2.42,2.21,2.31
4972,2020-05-18,2.24,2.365,2.19,2.33
4971,2020-05-15,2.19,2.19,2.08,2.14
4970,2020-05-14,2.15,2.2007,2.0671,2.18
4969,2020-05-13,2.31,2.31,2.17,2.21
4968,2020-05-12,2.31,2.47,2.275,2.29
4967,2020-05-11,2.26,2.34,2.18,2.27
4966,2020-05-08,2.25,2.38,2.2,2.29
4965,2020-05-07,2.28,2.36,2.2,2.24
4964,2020-05-06,2.44,2.5,2.25,2.29
4963,2020-05-05,2.72,2.72,2.37,2.395
4962,2020-05-04,2.58,2.7,2.55,2.67
4961,2020-05-01,2.59,2.68,2.35,2.66
4960,2020-04-30,2.77,2.82,2.63,2.705
4959,2020-04-29,3.0,3.0318,2.73,2.79
4958,2020-04-28,2.79,3.4,2.635,2.96
4957,2020-04-27,1.96,2.08,1.95,2.04
4956,2020-04-24,1.98,2.0406,1.86,1.94
4955,2020-04-23,2.0,2.0499,1.9258,1.96
4954,2020-04-22,2.06,2.07,1.92,2.02
4953,2020-04-21,2.0,2.14,1.93,2.015
4952,2020-04-20,2.12,2.1307,2.0,2.03
4951,2020-04-17,2.08,2.16,2.006,2.14
4950,2020-04-16,2.01,2.04,1.89,2.04
4949,2020-04-15,2.08,2.18,1.96,2.0
4948,2020-04-14,2.21,2.31,2.07,2.17
4947,2020-04-13,2.06,2.17,1.91,2.14
4946,2020-04-09,1.99,2.11,1.9377,2.11
4945,2020-04-08,1.68,1.83,1.59,1.82
4944,2020-04-07,1.57,1.71,1.55,1.63
4943,2020-04-06,1.5,1.59,1.5,1.57
4942,2020-04-03,1.54,1.6,1.46,1.49
4941,2020-04-02,1.58,1.66,1.515,1.55
4940,2020-04-01,1.66,1.6884,1.55,1.59
4939,2020-03-31,1.68,1.78,1.64,1.71
4938,2020-03-30,1.85,1.88,1.65,1.68
4937,2020-03-27,2.04,2.11,1.815,1.88
4936,2020-03-26,1.83,2.14,1.78,2.1
4935,2020-03-25,1.79,1.94,1.74,1.84
4934,2020-03-24,1.9,1.91,1.65,1.78
4933,2020-03-23,1.94,1.94,1.73,1.8
4932,2020-03-20,2.24,2.3,1.81,1.87
4931,2020-03-19,1.95,2.25,1.9,2.2
4930,2020-03-18,2.15,2.2,1.935,1.99
4929,2020-03-17,2.08,2.55,2.0,2.35
4928,2020-03-16,2.51,2.89,2.43,2.75
4927,2020-03-13,2.89,2.93,2.51,2.75
4926,2020-03-12,2.81,2.92,2.65,2.68
4925,2020-03-11,3.21,3.21,2.92,3.09
4924,2020-03-10,3.45,3.47,3.195,3.38
4923,2020-03-09,3.3,3.36,3.14,3.23
4922,2020-03-06,3.35,3.47,3.26,3.47
4921,2020-03-05,3.68,3.71,3.4,3.43
4920,2020-03-04,3.78,3.86,3.71,3.74
4919,2020-03-03,3.88,4.02,3.66,3.73
4918,2020-03-02,3.71,3.88,3.65,3.88
4917,2020-02-28,3.69,3.92,3.65,3.7
4916,2020-02-27,3.97,4.05,3.77,3.85
4915,2020-02-26,4.28,4.3041,3.98,4.05
4914,2020-02-25,4.52,4.52,4.18,4.28
4913,2020-02-24,4.51,4.57,4.39,4.47
4912,2020-02-21,4.98,4.99,4.57,4.67
4911,2020-02-20,4.76,5.01,4.65,4.95
4910,2020-02-19,4.44,4.85,4.37,4.75
4909,2020-02-18,4.41,4.45,4.3,4.42
4908,2020-02-14,4.47,4.58,4.36,4.43
4907,2020-02-13,4.35,4.47,4.35,4.47
4906,2020-02-12,4.25,4.49,4.25,4.36
4905,2020-02-11,4.11,4.33,4.1053,4.22
4904,2020-02-10,4.14,4.15,4.05,4.11
4903,2020-02-07,4.16,4.27,4.1,4.13
4902,2020-02-06,4.21,4.26,4.17,4.17
4901,2020-02-05,4.18,4.35,4.15,4.21
4900,2020-02-04,4.33,4.51,4.13,4.13
4899,2020-02-03,4.19,4.31,4.1,4.27
4898,2020-01-31,4.18,4.1999,4.12,4.16
4897,2020-01-30,4.17,4.29,4.145,4.19
4896,2020-01-29,4.18,4.21,4.12,4.19
4895,2020-01-28,4.25,4.28,4.14,4.14
4894,2020-01-27,4.29,4.29,4.13,4.14
4893,2020-01-24,4.2,4.4,4.12,4.36
4892,2020-01-23,4.24,4.31,4.12,4.14
4891,2020-01-22,4.21,4.32,4.12,4.22
4890,2020-01-21,4.41,4.52,4.2,4.23
4889,2020-01-17,4.58,4.64,4.38,4.41
4888,2020-01-16,4.62,4.67,4.39,4.46
4887,2020-01-15,4.5,4.85,4.5,4.63
4886,2020-01-14,5.4,5.4,4.36,4.51
4885,2020-01-13,2.64,2.76,2.5971,2.76
4884,2020-01-10,2.61,2.66,2.52,2.63
4883,2020-01-09,2.65,2.66,2.58,2.62
4882,2020-01-08,2.64,2.685,2.64,2.65
4881,2020-01-07,2.63,2.74,2.62,2.62
4880,2020-01-06,2.61,2.68,2.53,2.65
4879,2020-01-03,2.65,2.69,2.58,2.64
4878,2020-01-02,2.75,2.784,2.64,2.69
4877,2019-12-31,2.67,2.77,2.67,2.74
4876,2019-12-30,2.63,2.71,2.58,2.66
4875,2019-12-27,2.76,2.79,2.6,2.62
4874,2019-12-26,2.7,2.85,2.65,2.75
4873,2019-12-24,2.51,2.67,2.5,2.67
4872,2019-12-23,2.52,2.63,2.42,2.49
4871,2019-12-20,2.47,2.55,2.3,2.51
4870,2019-12-19,2.43,2.49,2.4,2.47
4869,2019-12-18,2.46,2.47,2.39,2.43
4868,2019-12-17,2.43,2.5,2.3,2.45
4867,2019-12-16,2.48,2.54,2.35,2.42
4866,2019-12-13,2.45,2.5399,2.36,2.41
4865,2019-12-12,2.24,2.48,2.24,2.455
4864,2019-12-11,2.3,2.3,2.15,2.21
4863,2019-12-10,2.13,2.26,2.13,2.26
4862,2019-12-09,2.05,2.13,2.03,2.12
4861,2019-12-06,1.9,2.06,1.8851,2.04
4860,2019-12-05,1.89,1.93,1.8593,1.88
4859,2019-12-04,1.83,1.905,1.81,1.88
4858,2019-12-03,1.83,1.83,1.77,1.8
4857,2019-12-02,1.88,2.03,1.79,1.81
4856,2019-11-29,1.8347,1.89,1.83,1.85
4855,2019-11-27,1.85,1.89,1.77,1.82
4854,2019-11-26,1.93,1.9561,1.83,1.84
4853,2019-11-25,1.9,1.97,1.86,1.93
4852,2019-11-22,1.86,1.92,1.85,1.89
4851,2019-11-21,1.94,1.94,1.85,1.86
4850,2019-11-20,1.95,1.96,1.92,1.93
4849,2019-11-19,1.95,1.97,1.92,1.96
4848,2019-11-18,1.95,1.975,1.91,1.94
4847,2019-11-15,1.95,2.015,1.94,1.97
4846,2019-11-14,1.94,1.97,1.92,1.94
4845,2019-11-13,2.01,2.01,1.94,1.94
4844,2019-11-12,1.96,2.02,1.94,2.01
4843,2019-11-11,2.0,2.06,1.96,1.96
4842,2019-11-08,1.94,2.03,1.91,1.99
4841,2019-11-07,1.87,1.95,1.87,1.94
4840,2019-11-06,1.92,1.98,1.8,1.83
4839,2019-11-05,2.09,2.11,1.88,1.9
4838,2019-11-04,2.12,2.16,2.02,2.06
4837,2019-11-01,2.2,2.23,2.06,2.12
4836,2019-10-31,2.68,2.7,2.07,2.2
4835,2019-10-30,2.81,2.83,2.7,2.76
4834,2019-10-29,2.79,2.89,2.76,2.82
4833,2019-10-28,2.75,2.81,2.73,2.78
4832,2019-10-25,2.67,2.74,2.65,2.705
4831,2019-10-24,2.84,2.84,2.67,2.68
4830,2019-10-23,2.83,2.854,2.78,2.82
4829,2019-10-22,2.74,2.9,2.74,2.83
4828,2019-10-21,2.73,2.73,2.64,2.69
4827,2019-10-18,2.7,2.74,2.67,2.68
4826,2019-10-17,2.69,2.7336,2.68,2.72
4825,2019-10-16,2.64,2.91,2.62,2.68
4824,2019-10-15,2.67,2.71,2.62,2.65
4823,2019-10-14,2.67,2.684,2.59,2.67
4822,2019-10-11,2.63,2.75,2.62,2.68
4821,2019-10-10,2.61,2.6525,2.5322,2.58
4820,2019-10-09,2.66,2.71,2.5201,2.6
4819,2019-10-08,2.61,2.66,2.5,2.63
4818,2019-10-07,2.69,2.69,2.56,2.64
4817,2019-10-04,2.8,2.83,2.64,2.64
4816,2019-10-03,2.79,2.82,2.71,2.8
4815,2019-10-02,2.8,2.82,2.72,2.78
4814,2019-10-01,2.9,3.027,2.75,2.76
4813,2019-09-30,2.95,2.95,2.85,2.85
4812,2019-09-27,3.04,3.04,2.9,2.9
4811,2019-09-26,3.1,3.1,3.0,3.0
4810,2019-09-25,2.99,3.12,2.96,3.09
4809,2019-09-24,3.12,3.1368,2.95,2.96
4808,2019-09-23,3.12,3.15,3.08,3.1
4807,2019-09-20,3.12,3.2,3.08,3.14
4806,2019-09-19,3.17,3.22,3.1,3.1
4805,2019-09-18,3.15,3.22,3.1,3.16
4804,2019-09-17,3.2,3.21,3.13,3.14
4803,2019-09-16,3.21,3.29,3.16,3.21
4802,2019-09-13,3.23,3.3741,3.19,3.26
4801,2019-09-12,3.31,3.34,3.15,3.19
4800,2019-09-11,3.27,3.38,3.25,3.28
4799,2019-09-10,3.45,3.54,3.25,3.3
4798,2019-09-09,3.25,3.49,3.23,3.47
4797,2019-09-06,3.22,3.28,3.13,3.23
4796,2019-09-05,3.15,3.2,3.04,3.2
4795,2019-09-04,3.18,3.19,3.04,3.09
4794,2019-09-03,3.15,3.2,3.08,3.12
4793,2019-08-30,3.22,3.24,3.1,3.18
4792,2019-08-29,3.15,3.25,3.1,3.19
4791,2019-08-28,3.07,3.16,3.04,3.09
4790,2019-08-27,3.14,3.21,3.04,3.08
4789,2019-08-26,3.1,3.15,3.02,3.14
4788,2019-08-23,3.19,3.19,3.0,3.05
4787,2019-08-22,3.28,3.29,3.2,3.21
4786,2019-08-21,3.26,3.27,3.19,3.25
4785,2019-08-20,3.19,3.34,3.19,3.22
4784,2019-08-19,3.15,3.18,3.12,3.18
4783,2019-08-16,3.03,3.11,2.95,3.09
4782,2019-08-15,3.08,3.11,2.96,3.0
4781,2019-08-14,3.16,3.2063,2.99,3.07
4780,2019-08-13,3.15,3.29,3.14,3.22
4779,2019-08-12,3.29,3.36,3.16,3.17
4778,2019-08-09,3.54,3.54,3.29,3.29
4777,2019-08-08,3.4,3.58,3.3942,3.54
4776,2019-08-07,3.44,3.5,3.34,3.36
4775,2019-08-06,3.54,3.62,3.41,3.5
4774,2019-08-05,3.7,3.76,3.48,3.53
4773,2019-08-02,4.03,4.22,3.765,3.79
4772,2019-08-01,4.5,4.5,4.03,4.03
4771,2019-07-31,4.21,4.42,4.21,4.26
4770,2019-07-30,4.18,4.29,4.16,4.21
4769,2019-07-29,4.24,4.28,4.15,4.22
4768,2019-07-26,4.14,4.28,4.14,4.25
4767,2019-07-25,4.17,4.185,4.11,4.13
4766,2019-07-24,4.06,4.22,4.05,4.2
4765,2019-07-23,4.11,4.13,4.06,4.08
4764,2019-07-22,4.1,4.11,4.05,4.1
4763,2019-07-19,4.06,4.205,4.05,4.1
4762,2019-07-18,4.16,4.2,4.07,4.09
4761,2019-07-17,4.21,4.25,4.15,4.16
4760,2019-07-16,4.22,4.25,4.15,4.22
4759,2019-07-15,4.3,4.6292,4.2,4.22
4758,2019-07-12,4.28,4.32,4.19,4.29
4757,2019-07-11,4.41,4.41,4.25,4.29
4756,2019-07-10,4.35,4.46,4.33,4.38
4755,2019-07-09,4.27,4.35,4.22,4.34
4754,2019-07-08,4.19,4.3392,4.15,4.3
4753,2019-07-05,4.21,4.2456,4.155,4.22
4752,2019-07-03,4.21,4.2839,4.209,4.25
4751,2019-07-02,4.28,4.28,4.15,4.21
4750,2019-07-01,4.33,4.39,4.26,4.29
4749,2019-06-28,4.41,4.49,4.22,4.25
4748,2019-06-27,4.35,4.46,4.32,4.42
4747,2019-06-26,4.32,4.4,4.3,4.33
4746,2019-06-25,4.38,4.45,4.29,4.31
4745,2019-06-24,4.39,4.42,4.33,4.36
4744,2019-06-21,4.37,4.43,4.31,4.41
4743,2019-06-20,4.34,4.4,4.29,4.35
4742,2019-06-19,4.25,4.35,4.25,4.32
4741,2019-06-18,4.31,4.32,4.23,4.27
4740,2019-06-17,4.19,4.28,4.16,4.25
4739,2019-06-14,4.3,4.37,4.15,4.2
4738,2019-06-13,4.43,4.43,4.25,4.31
4737,2019-06-12,4.48,4.58,4.34,4.41
4736,2019-06-11,4.55,4.57,4.31,4.49
4735,2019-06-10,4.49,4.6,4.47,4.5
4734,2019-06-07,4.42,4.49,4.3,4.44
4733,2019-06-06,4.36,4.47,4.23,4.35
4732,2019-06-05,4.29,4.39,4.17,4.34
4731,2019-06-04,4.23,4.28,4.13,4.26
4730,2019-06-03,4.23,4.27,4.07,4.2
4729,2019-05-31,4.2,4.27,4.1193,4.23
4728,2019-05-30,4.11,4.2982,4.09,4.28
4727,2019-05-29,4.06,4.43,3.96,4.01
4726,2019-05-28,4.27,4.32,4.08,4.1
4725,2019-05-24,4.43,4.49,4.25,4.28
4724,2019-05-23,4.43,4.49,4.355,4.41
4723,2019-05-22,4.34,4.53,4.26,4.48
4722,2019-05-21,4.4,4.5,4.32,4.37
4721,2019-05-20,4.47,4.47,4.35,4.4
4720,2019-05-17,4.75,4.7536,4.5,4.52
4719,2019-05-16,4.77,4.81,4.69,4.79
4718,2019-05-15,4.73,4.81,4.71,4.76
4717,2019-05-14,4.75,4.86,4.72,4.78
4716,2019-05-13,4.51,4.86,4.51,4.76
4715,2019-05-10,4.94,4.94,4.77,4.85
4714,2019-05-09,4.92,5.035,4.91,4.96
4713,2019-05-08,5.06,5.13,4.93,5.0
4712,2019-05-07,5.25,5.25,5.02,5.05
4711,2019-05-06,5.4,5.425,5.17,5.3
4710,2019-05-03,5.36,5.67,5.28,5.52
4709,2019-05-02,5.18,5.51,4.9,5.32
4708,2019-05-01,5.39,5.43,5.27,5.35
4707,2019-04-30,5.46,5.499,5.29,5.41
4706,2019-04-29,5.19,5.54,5.19,5.42
4705,2019-04-26,5.09,5.22,5.075,5.18
4704,2019-04-25,5.09,5.16,5.04,5.08
4703,2019-04-24,5.11,5.2,5.07,5.1
4702,2019-04-23,4.9,5.21,4.86,5.12
4701,2019-04-22,4.95,5.04,4.87,4.92
4700,2019-04-18,4.77,4.95,4.72,4.92
4699,2019-04-17,5.12,5.12,4.75,4.81
4698,2019-04-16,5.22,5.37,5.08,5.09
4697,2019-04-15,5.18,5.29,5.11,5.19
4696,2019-04-12,5.46,5.51,5.19,5.22
4695,2019-04-11,5.3,5.48,5.3,5.44
4694,2019-04-10,5.3,5.47,5.25,5.32
4693,2019-04-09,5.41,5.4174,5.3,5.3
4692,2019-04-08,5.55,5.55,5.365,5.42
4691,2019-04-05,5.68,5.7,5.51,5.57
4690,2019-04-04,5.9,5.9,5.65,5.7
4689,2019-04-03,5.98,6.03,5.86,5.91
4688,2019-04-02,6.05,6.12,5.89,5.96
4687,2019-04-01,6.05,6.15,5.93,6.05
4686,2019-03-29,5.9,6.13,5.82,6.01
4685,2019-03-28,5.82,5.88,5.67,5.86
4684,2019-03-27,5.72,5.8498,5.61,5.79
4683,2019-03-26,5.71,5.75,5.57,5.73
4682,2019-03-25,5.72,5.775,5.6,5.65
4681,2019-03-22,5.91,5.97,5.72,5.73
4680,2019-03-21,5.84,6.02,5.82,5.95
4679,2019-03-20,5.92,5.93,5.77,5.86
4678,2019-03-19,5.95,6.0,5.78,5.91
4677,2019-03-18,6.0,6.0,5.51,5.94
4676,2019-03-15,5.8,6.04,5.8,6.0
4675,2019-03-14,5.73,5.87,5.55,5.81
4674,2019-03-13,5.75,5.82,5.67,5.7
4673,2019-03-12,5.58,5.92,5.58,5.72
4672,2019-03-11,5.73,5.74,5.33,5.58
4671,2019-03-08,5.4,5.705,5.37,5.66
4670,2019-03-07,5.49,5.5,5.35,5.41
4669,2019-03-06,5.63,5.63,5.439,5.49
4668,2019-03-05,5.61,5.74,5.44,5.61
4667,2019-03-04,5.4,5.69,5.4,5.59
4666,2019-03-01,5.09,5.54,5.09,5.46
4665,2019-02-28,5.0,5.35,4.8761,4.98
4664,2019-02-27,4.67,4.82,4.67,4.77
4663,2019-02-26,4.81,4.84,4.64,4.69
4662,2019-02-25,4.84,4.85,4.66,4.8
4661,2019-02-22,4.6,4.83,4.6,4.81
4660,2019-02-21,4.655,4.73,4.54,4.58
4659,2019-02-20,4.65,4.725,4.55,4.67
4658,2019-02-19,4.75,4.84,4.66,4.68
4657,2019-02-15,4.7,4.88,4.68,4.78
4656,2019-02-14,4.62,4.69,4.56,4.65
4655,2019-02-13,4.7,4.7,4.56,4.6
4654,2019-02-12,4.67,4.7,4.585,4.7
4653,2019-02-11,4.49,4.67,4.47,4.65
4652,2019-02-08,4.4908,4.54,4.44,4.46
4651,2019-02-07,4.56,4.57,4.46,4.5
4650,2019-02-06,4.45,4.74,4.4,4.6
4649,2019-02-05,4.48,4.55,4.41,4.43
4648,2019-02-04,4.35,4.5,4.27,4.48
4647,2019-02-01,4.37,4.42,4.35,4.37
4646,2019-01-31,4.31,4.49,4.28,4.39
4645,2019-01-30,4.32,4.38,4.27,4.32
4644,2019-01-29,4.2,4.34,4.2,4.3
4643,2019-01-28,4.25,4.3,4.17,4.19
4642,2019-01-25,4.45,4.47,4.22,4.25
4641,2019-01-24,4.3,4.37,4.27,4.29
4640,2019-01-23,4.29,4.35,4.25,4.29
4639,2019-01-22,4.25,4.35,4.22,4.28
4638,2019-01-18,4.34,4.5073,4.124,4.29
4637,2019-01-17,4.1,4.46,4.1,4.32
4636,2019-01-16,4.0201,4.13,4.0201,4.12
4635,2019-01-15,3.99,4.18,3.95,4.09
4634,2019-01-14,3.91,4.12,3.91,3.98
4633,2019-01-11,3.9,4.02,3.87,3.94
4632,2019-01-10,3.86,3.96,3.84,3.92
4631,2019-01-09,3.82,3.93,3.82,3.9
4630,2019-01-08,3.87,3.97,3.74,3.81
4629,2019-01-07,3.73,3.86,3.61,3.83
4628,2019-01-04,3.63,3.78,3.5604,3.73
4627,2019-01-03,3.68,3.85,3.511,3.57
4626,2019-01-02,3.65,3.77,3.62,3.7
4625,2018-12-31,3.75,3.8,3.64,3.7
4624,2018-12-28,3.75,3.84,3.69,3.76
4623,2018-12-27,3.74,3.84,3.61,3.72
4622,2018-12-26,3.66,3.81,3.61,3.8
4621,2018-12-24,3.66,3.69,3.53,3.61
4620,2018-12-21,3.8,3.84,3.66,3.7
4619,2018-12-20,3.92,3.99,3.76,3.79
4618,2018-12-19,4.06,4.09,3.9,3.92
4617,2018-12-18,4.08,4.09,3.95,4.04
4616,2018-12-17,4.16,4.2016,3.98,4.01
4615,2018-12-14,4.37,4.43,4.12,4.15
4614,2018-12-13,4.25,4.46,4.24,4.38
4613,2018-12-12,4.09,4.65,4.08,4.28
4612,2018-12-11,4.04,4.1,3.88,4.04
4611,2018-12-10,3.82,3.96,3.79,3.93
4610,2018-12-07,4.03,4.089,3.8,3.82
4609,2018-12-06,3.9,4.09,3.9,4.03
4608,2018-12-04,4.17,4.23,3.93,3.95
4607,2018-12-03,4.2,4.24,4.17,4.19
4606,2018-11-30,4.26,4.27,4.17,4.17
4605,2018-11-29,4.34,4.4,4.24,4.26
4604,2018-11-28,4.15,4.45,4.13,4.37
4603,2018-11-27,4.25,4.25,4.09,4.13
4602,2018-11-26,4.45,4.45,4.25,4.25
4601,2018-11-23,4.25,4.48,4.25,4.43
4600,2018-11-21,4.3,4.38,4.275,4.3
4599,2018-11-20,4.25,4.33,4.25,4.3
4598,2018-11-19,4.38,4.38,4.25,4.29
4597,2018-11-16,4.43,4.4586,4.38,4.38
4596,2018-11-15,4.4,4.48,4.35,4.48
4595,2018-11-14,4.52,4.52,4.4,4.4
4594,2018-11-13,4.54,4.59,4.45,4.48
4593,2018-11-12,4.63,4.63,4.48,4.5
4592,2018-11-09,4.84,4.85,4.59,4.63
4591,2018-11-08,4.64,4.85,4.61,4.85
4590,2018-11-07,4.57,4.72,4.49,4.7
4589,2018-11-06,4.44,4.62,4.4299,4.54
4588,2018-11-05,4.53,4.61,4.46,4.47
4587,2018-11-02,4.75,4.75,4.4,4.53
4586,2018-11-01,4.85,4.86,4.56,4.57
4585,2018-10-31,4.85,4.88,4.56,4.58
4584,2018-10-30,4.59,4.89,4.59,4.84
4583,2018-10-29,4.55,4.69,4.55,4.62
4582,2018-10-26,4.48,4.57,4.44,4.56
4581,2018-10-25,4.47,4.64,4.41,4.55
4580,2018-10-24,4.63,4.7,4.46,4.46
4579,2018-10-23,4.64,4.73,4.49,4.64
4578,2018-10-22,4.59,4.76,4.59,4.7
4577,2018-10-19,4.66,4.8,4.51,4.57
4576,2018-10-18,4.78,4.8,4.65,4.69
4575,2018-10-17,4.73,4.8,4.71,4.79
4574,2018-10-16,4.66,4.75,4.56,4.74
4573,2018-10-15,4.48,4.66,4.48,4.64
4572,2018-10-12,4.49,4.615,4.44,4.49
4571,2018-10-11,4.42,4.54,4.41,4.42
4570,2018-10-10,4.49,4.57,4.42,4.45
4569,2018-10-09,4.57,4.665,4.47,4.51
4568,2018-10-08,4.55,4.61,4.53,4.6
4567,2018-10-05,4.63,4.69,4.47,4.54
4566,2018-10-04,4.58,4.7,4.58,4.62
4565,2018-10-03,4.55,4.66,4.5,4.6
4564,2018-10-02,4.59,4.59,4.47,4.55
4563,2018-10-01,4.52,4.6399,4.445,4.55
4562,2018-09-28,4.7,4.75,4.45,4.5
4561,2018-09-27,4.55,4.75,4.55,4.65
4560,2018-09-26,4.6,4.6,4.5,4.55
4559,2018-09-25,4.6,4.6,4.5,4.6
4558,2018-09-24,4.45,4.6,4.45,4.55
4557,2018-09-21,4.4,4.6,4.4,4.45
4556,2018-09-20,4.4,4.48,4.35,4.45
4555,2018-09-19,4.35,4.4,4.25,4.35
4554,2018-09-18,4.4,4.45,4.35,4.35
4553,2018-09-17,4.425,4.45,4.35,4.35
4552,2018-09-14,4.4,4.5,4.4,4.4
4551,2018-09-13,4.35,4.45,4.35,4.45
4550,2018-09-12,4.4,4.45,4.35,4.35
4549,2018-09-11,4.4,4.45,4.4,4.4
4548,2018-09-10,4.45,4.45,4.4,4.45
4547,2018-09-07,4.5,4.5,4.4,4.4
4546,2018-09-06,4.45,4.55,4.45,4.5
4545,2018-09-05,4.45,4.5,4.35,4.45
4544,2018-09-04,4.5,4.5,4.4,4.45
4543,2018-08-31,4.55,4.65,4.35,4.475
4542,2018-08-30,4.65,4.65,4.55,4.55
4541,2018-08-29,4.7,4.7,4.6,4.65
4540,2018-08-28,4.55,4.7,4.55,4.65
4539,2018-08-27,4.65,4.65,4.55,4.575
4538,2018-08-24,4.7,4.7,4.6,4.65
4537,2018-08-23,4.65,4.7,4.65,4.7
4536,2018-08-22,4.65,4.7,4.575,4.65
4535,2018-08-21,4.65,4.7,4.65,4.65
4534,2018-08-20,4.6,4.7,4.55,4.65
4533,2018-08-17,4.55,4.6,4.5,4.55
4532,2018-08-16,4.55,4.6,4.525,4.6
4531,2018-08-15,4.65,4.65,4.5,4.55
4530,2018-08-14,4.6,4.7,4.5,4.65
4529,2018-08-13,4.5,4.6,4.45,4.55
4528,2018-08-10,4.5,4.55,4.425,4.5
4527,2018-08-09,4.6,4.65,4.5,4.525
4526,2018-08-08,4.7,4.7,4.6,4.6
4525,2018-08-07,4.65,4.75,4.575,4.7
4524,2018-08-06,4.55,4.65,4.455,4.65
4523,2018-08-03,4.6,4.65,4.55,4.6
4522,2018-08-02,4.5,4.6,4.5,4.55
4521,2018-08-01,4.55,4.625,4.4,4.4
4520,2018-07-31,4.65,4.725,4.55,4.6
4519,2018-07-30,4.6,4.7,4.55,4.6
4518,2018-07-27,4.7,4.75,4.574,4.6
4517,2018-07-26,4.7,4.8,4.65,4.75
4516,2018-07-25,4.6,4.75,4.6,4.65
4515,2018-07-24,4.75,4.85,4.6,4.6
4514,2018-07-23,4.8,4.85,4.75,4.75
4513,2018-07-20,4.8,4.85,4.75,4.75
4512,2018-07-19,4.8,4.85,4.8,4.8
4511,2018-07-18,4.75,4.85,4.725,4.8
4510,2018-07-17,4.65,4.8,4.65,4.75
4509,2018-07-16,4.7,4.85,4.65,4.7
4508,2018-07-13,4.85,4.85,4.7,4.7
4507,2018-07-12,4.75,4.825,4.7,4.8
4506,2018-07-11,4.9,4.95,4.7,4.7
4505,2018-07-10,4.9,4.95,4.85,4.9
4504,2018-07-09,4.75,4.95,4.75,4.85
4503,2018-07-06,4.7,4.8,4.65,4.775
4502,2018-07-05,4.7,4.75,4.65,4.7
4501,2018-07-03,4.7,4.8,4.6,4.725
4500,2018-07-02,4.6,4.7,4.575,4.7
4499,2018-06-29,4.55,4.7,4.5,4.6
4498,2018-06-28,4.4,4.6,4.325,4.55
4497,2018-06-27,4.45,4.5,4.4,4.4
4496,2018-06-26,4.5,4.5,4.4,4.5
4495,2018-06-25,4.7,4.7,4.5,4.5
4494,2018-06-22,4.75,4.75,4.65,4.7
4493,2018-06-21,4.75,4.8,4.7,4.7
4492,2018-06-20,4.8,4.8,4.75,4.8
4491,2018-06-19,4.75,4.8,4.7,4.75
4490,2018-06-18,4.75,4.85,4.7,4.8
4489,2018-06-15,4.65,4.85,4.65,4.75
4488,2018-06-14,4.7,4.775,4.65,4.65
4487,2018-06-13,4.8,4.8,4.7,4.7
4486,2018-06-12,4.75,4.8,4.65,4.8
4485,2018-06-11,4.75,4.8,4.6,4.75
4484,2018-06-08,4.65,4.75,4.55,4.7
4483,2018-06-07,4.7,4.75,4.6,4.7
4482,2018-06-06,4.65,4.9,4.6,4.7
4481,2018-06-05,4.45,4.675,4.45,4.65
4480,2018-06-04,4.6,4.6007,4.45,4.45
4479,2018-06-01,4.6,4.65,4.5,4.55
4478,2018-05-31,4.5,4.6,4.5,4.55
4477,2018-05-30,4.55,4.65,4.5,4.55
4476,2018-05-29,4.55,4.55,4.475,4.55
4475,2018-05-25,4.6,4.65,4.5,4.55
4474,2018-05-24,4.55,4.7,4.55,4.6
4473,2018-05-23,4.4,4.6,4.35,4.55
4472,2018-05-22,4.55,4.6,4.375,4.4
4471,2018-05-21,4.65,4.7,4.5,4.525
4470,2018-05-18,4.6,4.7,4.5581,4.65
4469,2018-05-17,4.5,4.6,4.45,4.55
4468,2018-05-16,4.5,4.55,4.45,4.45
4467,2018-05-15,4.5,4.55,4.45,4.45
4466,2018-05-14,4.55,4.6,4.5,4.5
4465,2018-05-11,4.5,4.55,4.45,4.5
4464,2018-05-10,4.5,4.55,4.45,4.5
4463,2018-05-09,4.5,4.55,4.4,4.5
4462,2018-05-08,4.45,4.5,4.35,4.5
4461,2018-05-07,4.25,4.5,4.2,4.45
4460,2018-05-04,4.25,4.25,4.2,4.25
4459,2018-05-03,4.45,4.5,4.2,4.25
4458,2018-05-02,4.45,4.55,4.4,4.45
4457,2018-05-01,4.4,4.55,4.4,4.5
4456,2018-04-30,4.4,4.45,4.4,4.4
4455,2018-04-27,4.4,4.45,4.35,4.4
4454,2018-04-26,4.4,4.5,4.35,4.4
4453,2018-04-25,4.5,4.5,4.4,4.4
4452,2018-04-24,4.5,4.55,4.4,4.45
4451,2018-04-23,4.55,4.6,4.434,4.5
4450,2018-04-20,4.55,4.65,4.55,4.6
4449,2018-04-19,4.7,4.7,4.5,4.575
4448,2018-04-18,4.85,4.85,4.6,4.675
4447,2018-04-17,4.85,4.875,4.75,4.8
4446,2018-04-16,4.75,4.875,4.6,4.8
4445,2018-04-13,4.75,4.8,4.65,4.7
4444,2018-04-12,4.85,4.85,4.7,4.7
4443,2018-04-11,4.85,4.95,4.7,4.8
4442,2018-04-10,4.85,4.95,4.75,4.85
4441,2018-04-09,4.7,4.85,4.65,4.8
4440,2018-04-06,4.8,4.85,4.65,4.65
4439,2018-04-05,4.75,4.85,4.6,4.8
4438,2018-04-04,4.5,4.74,4.497,4.7
4437,2018-04-03,4.5,4.7,4.45,4.5
4436,2018-04-02,4.6,4.65,4.45,4.475
4435,2018-03-29,4.55,4.8,4.5,4.6
4434,2018-03-28,4.6,4.75,4.55,4.55
4433,2018-03-27,4.65,4.8,4.55,4.55
4432,2018-03-26,4.55,4.8,4.5,4.65
4431,2018-03-23,4.75,4.8,4.5,4.5
4430,2018-03-22,4.85,4.94,4.7,4.75
4429,2018-03-21,4.8,4.95,4.8,4.9
4428,2018-03-20,4.8,4.85,4.75,4.75
4427,2018-03-19,4.85,4.9,4.75,4.8
4426,2018-03-16,4.85,4.95,4.8,4.85
4425,2018-03-15,5.0,5.1,4.85,4.85
4424,2018-03-14,4.8,5.1,4.8,4.95
4423,2018-03-13,4.9,4.9,4.775,4.8
4422,2018-03-12,4.85,4.95,4.8,4.85
4421,2018-03-09,4.85,4.95,4.85,4.9
4420,2018-03-08,4.9,5.0,4.75,4.85
4419,2018-03-07,4.85,5.05,4.8,4.95
4418,2018-03-06,4.75,4.95,4.65,4.85
4417,2018-03-05,4.6,4.85,4.6,4.75
4416,2018-03-02,4.7,4.75,4.6,4.65
4415,2018-03-01,4.2,4.5,4.2,4.4
4414,2018-02-28,4.3,4.4,4.201,4.25
4413,2018-02-27,4.45,4.5,4.2,4.3
4412,2018-02-26,4.45,4.55,4.4,4.45
4411,2018-02-23,4.45,4.55,4.4,4.5
4410,2018-02-22,4.5,4.55,4.4,4.45
4409,2018-02-21,4.55,4.75,4.4,4.5
4408,2018-02-20,4.6,4.8,4.5,4.5
4407,2018-02-16,4.55,4.65,4.4,4.65
4406,2018-02-15,4.5,4.625,4.475,4.6
4405,2018-02-14,4.45,4.6,4.45,4.5
4404,2018-02-13,4.4,4.5,4.4,4.5
4403,2018-02-12,4.4,4.5,4.4,4.4
4402,2018-02-09,4.4,4.475,4.35,4.4
4401,2018-02-08,4.5,4.6,4.4,4.4
4400,2018-02-07,4.45,4.55,4.4232,4.45
4399,2018-02-06,4.4,4.6,4.4,4.5
4398,2018-02-05,4.35,4.55,4.35,4.45
4397,2018-02-02,4.45,4.55,4.35,4.4
4396,2018-02-01,4.45,4.463,4.4,4.45
4395,2018-01-31,4.45,4.5,4.4,4.5
4394,2018-01-30,4.35,4.5,4.35,4.45
4393,2018-01-29,4.35,4.45,4.35,4.35
4392,2018-01-26,4.4,4.45,4.3,4.4
4391,2018-01-25,4.4,4.5,4.3375,4.4
4390,2018-01-24,4.4,4.45,4.35,4.35
4389,2018-01-23,4.5,4.5,4.3,4.325
4388,2018-01-22,4.4,4.55,4.4,4.55
4387,2018-01-19,4.35,4.45,4.35,4.45
4386,2018-01-18,4.4,4.45,4.25,4.4
4385,2018-01-17,4.55,4.55,4.4,4.45
4384,2018-01-16,4.4,4.55,4.35,4.5
4383,2018-01-12,4.55,4.65,4.4,4.4
4382,2018-01-11,4.5,4.6,4.45,4.55
4381,2018-01-10,4.35,4.5,4.35,4.5
4380,2018-01-09,4.4,4.5,4.35,4.4
4379,2018-01-08,4.45,4.45,4.3248,4.35
4378,2018-01-05,4.4,4.6,4.3,4.45
4377,2018-01-04,4.25,4.35,4.2,4.3
4376,2018-01-03,4.1,4.25,4.05,4.2
4375,2018-01-02,4.15,4.3,4.1,4.1
4374,2017-12-29,4.05,4.2,3.9,4.1
4373,2017-12-28,4.2,4.325,4.15,4.25
4372,2017-12-27,4.35,4.4,4.2,4.2
4371,2017-12-26,4.1,4.4,4.1,4.35
4370,2017-12-22,4.2,4.25,4.15,4.15
4369,2017-12-21,4.15,4.25,4.15,4.225
4368,2017-12-20,4.2,4.2,4.075,4.15
4367,2017-12-19,4.2,4.3,4.2,4.2
4366,2017-12-18,4.25,4.3,4.2,4.25
4365,2017-12-15,4.2,4.45,4.2,4.2
4364,2017-12-14,4.3,4.3,4.1182,4.2
4363,2017-12-13,4.15,4.3,4.1,4.3
4362,2017-12-12,4.4,4.4,4.1,4.2
4361,2017-12-11,4.5,4.55,4.35,4.35
4360,2017-12-08,4.5,4.55,4.4,4.5
4359,2017-12-07,4.4,4.55,4.35,4.5
4358,2017-12-06,4.55,4.6,4.4,4.4
4357,2017-12-05,4.7,4.745,4.475,4.5
4356,2017-12-04,4.8,4.85,4.65,4.65
4355,2017-12-01,4.75,4.85,4.5,4.725
4354,2017-11-30,4.95,4.95,4.75,4.8
4353,2017-11-29,5.05,5.05,4.85,4.95
4352,2017-11-28,5.0,5.075,4.85,5.05
4351,2017-11-27,4.9,5.05,4.825,5.0
4350,2017-11-24,4.75,4.95,4.7,4.95
4349,2017-11-22,4.9,5.0,4.7,4.75
4348,2017-11-21,4.8,4.9,4.7,4.88
4347,2017-11-20,4.7,4.8,4.65,4.8
4346,2017-11-17,4.5,4.7,4.45,4.65
4345,2017-11-16,4.35,4.6,4.35,4.58
4344,2017-11-15,4.5,4.53,4.4,4.4
4343,2017-11-14,4.65,4.65,4.45,4.55
4342,2017-11-13,4.8,4.8,4.61,4.7
4341,2017-11-10,4.75,4.85,4.7,4.75
4340,2017-11-09,4.55,4.8,4.55,4.75
4339,2017-11-08,4.5,4.65,4.5,4.6
4338,2017-11-07,4.85,4.85,4.55,4.55
4337,2017-11-06,4.8,4.8,4.68,4.8
4336,2017-11-03,4.65,4.93,4.5,4.8
4335,2017-11-02,4.0,4.7,3.85,4.7
4334,2017-11-01,4.55,4.55,4.3,4.35
4333,2017-10-31,4.5,4.6,4.4,4.5
4332,2017-10-30,4.55,4.63,4.4,4.45
4331,2017-10-27,4.6,4.61,4.5,4.6
4330,2017-10-26,4.6,4.6,4.46,4.6
4329,2017-10-25,4.55,4.6,4.46,4.55
4328,2017-10-24,4.5,4.65,4.5,4.5
4327,2017-10-23,4.7,4.75,4.55,4.55
4326,2017-10-20,4.8,4.9,4.55,4.65
4325,2017-10-19,4.8,4.8,4.7,4.75
4324,2017-10-18,4.75,4.8,4.65,4.8
4323,2017-10-17,4.8,4.85,4.65,4.75
4322,2017-10-16,4.65,4.85,4.55,4.85
4321,2017-10-13,4.85,4.85,4.7,4.7
4320,2017-10-12,4.7,4.85,4.68,4.85
4319,2017-10-11,4.7,4.78,4.6,4.7
4318,2017-10-10,4.7,4.8,4.63,4.75
4317,2017-10-09,4.75,4.75,4.6,4.65
4316,2017-10-06,4.7,4.85,4.65,4.75
4315,2017-10-05,4.75,4.75,4.56,4.65
4314,2017-10-04,4.7,4.85,4.65,4.7
4313,2017-10-03,4.7,4.75,4.61,4.65
4312,2017-10-02,4.6,4.75,4.55,4.65
4311,2017-09-29,4.6,4.7,4.55,4.55
4310,2017-09-28,4.65,4.7,4.6,4.65
4309,2017-09-27,4.8,4.86,4.6,4.65
4308,2017-09-26,4.65,4.75,4.59,4.75
4307,2017-09-25,4.55,4.72,4.45,4.6
4306,2017-09-22,4.6,4.65,4.55,4.6
4305,2017-09-21,4.55,4.65,4.53,4.65
4304,2017-09-20,4.5,4.65,4.5,4.55
4303,2017-09-19,4.5,4.6,4.47,4.55
4302,2017-09-18,4.5,4.55,4.45,4.55
4301,2017-09-15,4.55,4.55,4.4,4.5
4300,2017-09-14,4.5,4.55,4.4,4.55
4299,2017-09-13,4.5,4.55,4.5,4.5
4298,2017-09-12,4.55,4.58,4.45,4.5
4297,2017-09-11,4.55,4.57,4.33,4.5
4296,2017-09-08,4.45,4.58,4.4,4.45
4295,2017-09-07,4.6,4.65,4.25,4.4
4294,2017-09-06,4.6,4.65,4.55,4.6
4293,2017-09-05,4.5,4.6,4.5,4.55
4292,2017-09-01,4.55,4.6,4.5,4.55
4291,2017-08-31,4.45,4.55,4.4,4.5
4290,2017-08-30,4.45,4.53,4.4,4.4
4289,2017-08-29,4.5,4.55,4.45,4.5
4288,2017-08-28,4.55,4.63,4.45,4.5
4287,2017-08-25,4.6,4.65,4.4,4.55
4286,2017-08-24,4.7,4.7,4.5,4.55
4285,2017-08-23,4.7,4.9,4.6,4.65
4284,2017-08-22,4.7,4.8,4.7,4.75
4283,2017-08-21,4.7,4.72,4.63,4.65
4282,2017-08-18,4.6,4.8,4.5,4.65
4281,2017-08-17,4.85,4.95,4.7,4.7
4280,2017-08-16,4.95,5.0,4.9,4.9
4279,2017-08-15,5.0,5.05,4.9,5.0
4278,2017-08-14,4.75,5.06,4.75,4.95
4277,2017-08-11,4.7,4.9,4.7,4.8
4276,2017-08-10,4.75,4.85,4.65,4.75
4275,2017-08-09,4.95,4.95,4.65,4.8
4274,2017-08-08,5.35,5.45,4.25,4.9
4273,2017-08-07,5.6,5.75,5.5,5.5
4272,2017-08-04,5.75,5.75,5.6,5.6
4271,2017-08-03,5.75,5.75,5.55,5.6
4270,2017-08-02,5.65,5.8,5.55,5.8
4269,2017-08-01,5.7,5.8,5.6,5.65
4268,2017-07-31,5.5,5.75,5.45,5.7
4267,2017-07-28,5.45,5.7,5.45,5.6
4266,2017-07-27,5.65,5.7,5.35,5.5
4265,2017-07-26,5.65,5.7,5.61,5.65
4264,2017-07-25,5.7,5.75,5.6,5.65
4263,2017-07-24,5.55,5.65,5.55,5.65
4262,2017-07-21,5.7,5.7,5.55,5.6
4261,2017-07-20,5.75,5.9,5.55,5.65
4260,2017-07-19,5.65,5.75,5.65,5.75
4259,2017-07-18,5.6,5.75,5.55,5.7
4258,2017-07-17,5.7,5.7,5.55,5.65
4257,2017-07-14,5.65,5.75,5.6,5.65
4256,2017-07-13,5.65,5.75,5.575,5.7
4255,2017-07-12,5.75,5.75,5.6,5.65
4254,2017-07-11,5.65,5.8,5.6,5.65
4253,2017-07-10,5.7,6.0,5.65,5.65
4252,2017-07-07,5.65,5.7,5.55,5.7
4251,2017-07-06,5.65,5.675,5.575,5.6
4250,2017-07-05,5.7,5.75,5.55,5.75
4249,2017-07-03,5.9,5.9,5.65,5.7
4248,2017-06-30,5.85,5.95,5.78,5.85
4247,2017-06-29,5.85,5.88,5.75,5.85
4246,2017-06-28,5.7,5.93,5.6,5.85
4245,2017-06-27,5.6,5.75,5.59,5.65
4244,2017-06-26,5.65,5.75,5.55,5.6
4243,2017-06-23,5.5,5.75,5.45,5.6
4242,2017-06-22,5.45,5.5,5.35,5.45
4241,2017-06-21,5.35,5.45,5.3,5.4
4240,2017-06-20,5.4,5.45,5.25,5.3
4239,2017-06-19,5.3,5.45,5.3,5.4
4238,2017-06-16,5.2,5.35,5.2,5.3
4237,2017-06-15,5.2,5.3,5.05,5.25
4236,2017-06-14,5.3,5.3,5.15,5.25
4235,2017-06-13,5.25,5.3,5.15,5.3
4234,2017-06-12,5.25,5.3,5.15,5.2
4233,2017-06-09,5.25,5.3,5.15,5.25
4232,2017-06-08,5.25,5.25,5.1,5.25
4231,2017-06-07,5.1,5.25,5.1,5.25
4230,2017-06-06,5.15,5.25,5.05,5.1
4229,2017-06-05,5.3,5.3,5.11,5.2
4228,2017-06-02,5.25,5.3,5.25,5.3
4227,2017-06-01,5.2,5.3,5.15,5.25
4226,2017-05-31,5.15,5.25,5.1,5.15
4225,2017-05-30,5.1,5.2,4.9,5.15
4224,2017-05-26,5.1,5.3,5.05,5.1
4223,2017-05-25,5.1,5.2,4.95,5.1
4222,2017-05-24,5.1,5.15,5.05,5.05
4221,2017-05-23,5.15,5.2,5.05,5.1
4220,2017-05-22,4.9,5.15,4.9,5.1
4219,2017-05-19,4.7,5.1,4.65,4.85
4218,2017-05-18,4.6,4.8,4.55,4.75
4217,2017-05-17,4.5,4.7,4.5,4.6
4216,2017-05-16,4.65,4.65,4.5,4.55
4215,2017-05-15,4.55,4.65,4.54,4.65
4214,2017-05-12,4.5,4.61,4.5,4.55
4213,2017-05-11,4.55,4.65,4.45,4.55
4212,2017-05-10,4.5,4.68,4.5,4.6
4211,2017-05-09,4.6,4.7,4.5,4.55
4210,2017-05-08,4.65,4.7,4.5,4.6
4209,2017-05-05,4.55,4.7,4.35,4.65
4208,2017-05-04,4.6,4.65,4.45,4.5
4207,2017-05-03,4.4,4.6,4.4,4.6
4206,2017-05-02,4.3,4.65,4.3,4.45
4205,2017-05-01,4.1,4.3,4.05,4.3
4204,2017-04-28,4.0,4.1,3.95,4.05
4203,2017-04-27,4.1,4.1,3.94,4.0
4202,2017-04-26,4.1,4.35,4.1,4.1
4201,2017-04-25,4.1,4.15,4.0,4.1
4200,2017-04-24,4.05,4.15,4.0,4.05
4199,2017-04-21,4.05,4.1,4.0,4.05
4198,2017-04-20,3.95,4.1,3.93,4.05
4197,2017-04-19,3.9,4.0,3.85,3.9
4196,2017-04-18,3.85,3.9,3.85,3.9
4195,2017-04-17,3.85,3.9,3.85,3.9
4194,2017-04-13,3.9,3.9,3.85,3.85
4193,2017-04-12,3.9,3.95,3.85,3.9
4192,2017-04-11,3.9,3.95,3.85,3.9
4191,2017-04-10,3.9,4.05,3.9,3.9
4190,2017-04-07,3.95,4.1,3.9,3.95
4189,2017-04-06,3.85,4.0,3.85,3.95
4188,2017-04-05,3.95,4.05,3.8,3.85
4187,2017-04-04,4.0,4.0,3.9,3.95
4186,2017-04-03,4.0,4.1,3.9,4.0
4185,2017-03-31,3.85,4.1,3.85,4.0
4184,2017-03-30,3.85,3.9,3.8,3.85
4183,2017-03-29,3.7,3.9,3.7,3.85
4182,2017-03-28,3.75,3.8,3.7,3.75
4181,2017-03-27,3.7,3.8,3.7,3.75
4180,2017-03-24,3.75,3.8,3.7,3.75
4179,2017-03-23,3.7,3.83,3.7,3.75
4178,2017-03-22,3.7,3.75,3.58,3.7
4177,2017-03-21,3.7,3.85,3.7,3.7
4176,2017-03-20,3.85,3.9,3.7,3.7
4175,2017-03-17,3.7,3.85,3.7,3.85
4174,2017-03-16,3.75,3.75,3.65,3.75
4173,2017-03-15,3.75,3.75,3.7,3.7
4172,2017-03-14,3.7,3.75,3.66,3.7
4171,2017-03-13,3.65,3.75,3.65,3.7
4170,2017-03-10,3.7,3.74,3.65,3.65
4169,2017-03-09,3.65,3.7,3.65,3.65
4168,2017-03-08,3.75,3.78,3.65,3.65
4167,2017-03-07,3.75,3.8,3.65,3.7
4166,2017-03-06,3.7,3.8,3.65,3.75
4165,2017-03-03,3.7,3.9,3.7,3.75
4164,2017-03-02,3.8,3.89,3.65,3.7
4163,2017-03-01,3.7,3.85,3.65,3.8
4162,2017-02-28,3.85,3.85,3.63,3.75
4161,2017-02-27,3.7,3.89,3.65,3.85
4160,2017-02-24,3.5,3.7,3.45,3.6
4159,2017-02-23,3.5,3.6,3.43,3.5
4158,2017-02-22,3.4,3.5,3.4,3.45
4157,2017-02-21,3.55,3.6,3.4,3.5
4156,2017-02-17,3.35,3.6,3.3,3.53
4155,2017-02-16,3.45,3.46,3.01,3.3
4154,2017-02-15,3.4,3.45,3.35,3.45
4153,2017-02-14,3.35,3.45,3.3,3.45
4152,2017-02-13,3.3,3.45,3.3,3.35
4151,2017-02-10,3.3,3.35,3.25,3.35
4150,2017-02-09,3.25,3.35,3.25,3.3
4149,2017-02-08,3.25,3.35,3.23,3.25
4148,2017-02-07,3.3,3.3,3.2,3.25
4147,2017-02-06,3.25,3.3,3.2,3.25
4146,2017-02-03,3.3,3.35,3.2,3.3
4145,2017-02-02,3.2,3.3,3.2,3.25
4144,2017-02-01,3.3,3.35,3.15,3.2
4143,2017-01-31,3.25,3.25,3.2,3.25
4142,2017-01-30,3.15,3.2,3.15,3.15
4141,2017-01-27,3.15,3.25,3.15,3.2
4140,2017-01-26,3.15,3.2,3.1,3.1
4139,2017-01-25,3.2,3.2,3.1,3.2
4138,2017-01-24,3.15,3.15,3.05,3.15
4137,2017-01-23,3.1,3.2,3.05,3.1
4136,2017-01-20,3.1,3.2,3.1,3.1
4135,2017-01-19,3.2,3.2,3.1,3.1
4134,2017-01-18,3.1,3.2,3.1,3.2
4133,2017-01-17,3.2,3.3,3.1,3.1
4132,2017-01-13,3.35,3.35,3.25,3.3
4131,2017-01-12,3.3,3.4,3.2,3.3
4130,2017-01-11,3.3,3.4,3.25,3.3
4129,2017-01-10,3.3,3.325,3.25,3.3
4128,2017-01-09,3.1,3.35,3.1,3.3
4127,2017-01-06,3.25,3.3,3.05,3.1
4126,2017-01-05,3.25,3.35,3.2,3.2
4125,2017-01-04,3.35,3.4,3.3,3.3
4124,2017-01-03,3.25,3.35,3.2,3.3
4123,2016-12-30,3.3,3.35,3.2,3.25
4122,2016-12-29,3.4,3.44,3.25,3.3
4121,2016-12-28,3.25,3.5,3.2,3.35
4120,2016-12-27,3.4,3.45,3.2,3.3
4119,2016-12-23,3.3,3.5,3.2,3.4
4118,2016-12-22,3.35,3.4,3.2,3.3
4117,2016-12-21,3.35,3.4,3.25,3.4
4116,2016-12-20,3.5,3.5,3.25,3.4
4115,2016-12-19,3.4,3.5,3.1955,3.45
4114,2016-12-16,3.35,3.4,3.1,3.4
4113,2016-12-15,3.35,3.4,3.3,3.35
4112,2016-12-14,3.35,3.4,3.25,3.35
4111,2016-12-13,3.35,3.45,3.2,3.3
4110,2016-12-12,3.4,3.45,3.2,3.3
4109,2016-12-09,3.25,3.45,3.2,3.4
4108,2016-12-08,3.2,3.4,3.05,3.3
4107,2016-12-07,3.25,3.3,3.1,3.2
4106,2016-12-06,3.05,3.35,3.05,3.3
4105,2016-12-05,3.0,3.1,2.9,3.05
4104,2016-12-02,2.9,3.0,2.9,2.95
4103,2016-12-01,2.9,3.05,2.81,2.9
4102,2016-11-30,3.0,3.1,2.85,2.9
4101,2016-11-29,3.0,3.04,2.925,2.95
4100,2016-11-28,3.0,3.05,2.95,2.95
4099,2016-11-25,2.9,3.05,2.9,3.05
4098,2016-11-23,2.9,3.0,2.85,2.9
4097,2016-11-22,2.9,3.025,2.85,2.95
4096,2016-11-21,2.85,2.95,2.75,2.9
4095,2016-11-18,2.75,2.85,2.7,2.8
4094,2016-11-17,2.9,2.95,2.7,2.75
4093,2016-11-16,2.85,2.925,2.8,2.85
4092,2016-11-15,3.0,3.0,2.8,2.85
4091,2016-11-14,3.2,3.2,2.95,3.0
4090,2016-11-11,3.05,3.2,2.85,3.15
4089,2016-11-10,2.95,3.05,2.8,3.0
4088,2016-11-09,2.7,2.95,2.7,2.95
4087,2016-11-08,2.8,2.95,2.7,2.75
4086,2016-11-07,2.65,2.8,2.55,2.8
4085,2016-11-04,2.5,2.6,2.5,2.55
4084,2016-11-03,2.6,2.6,2.54,2.55
4083,2016-11-02,2.55,2.7,2.5,2.55
4082,2016-11-01,2.6,2.6,2.55,2.6
4081,2016-10-31,2.65,2.65,2.5,2.55
4080,2016-10-28,2.68,2.72,2.63,2.66
4079,2016-10-27,2.8,2.82,2.67,2.69
4078,2016-10-26,2.95,3.0,2.8,2.8
4077,2016-10-25,3.06,3.07,2.88,2.97
4076,2016-10-24,3.14,3.17,3.1,3.11
4075,2016-10-21,3.22,3.27,3.1,3.11
4074,2016-10-20,3.24,3.3,3.23,3.26
4073,2016-10-19,3.17,3.24,3.17,3.22
4072,2016-10-18,3.13,3.18,3.09,3.16
4071,2016-10-17,3.1,3.15,3.08,3.11
4070,2016-10-14,3.09,3.12,3.04,3.09
4069,2016-10-13,3.06,3.12,3.0401,3.1
4068,2016-10-12,3.11,3.14,3.06,3.09
4067,2016-10-11,3.16,3.18,3.085,3.1
4066,2016-10-10,3.1,3.22,3.1,3.19
4065,2016-10-07,3.11,3.14,3.06,3.08
4064,2016-10-06,3.13,3.2,3.08,3.1
4063,2016-10-05,3.12,3.1999,3.11,3.16
4062,2016-10-04,3.1,3.17,3.1,3.13
4061,2016-10-03,3.13,3.13,3.07,3.11
4060,2016-09-30,3.08,3.17,3.075,3.13
4059,2016-09-29,3.1,3.14,3.05,3.06
4058,2016-09-28,3.04,3.11,3.02,3.1
4057,2016-09-27,3.02,3.09,3.02,3.06
4056,2016-09-26,3.03,3.06,3.02,3.05
4055,2016-09-23,3.1,3.16,3.03,3.05
4054,2016-09-22,3.06,3.16,3.06,3.13
4053,2016-09-21,3.02,3.05,2.98,3.05
4052,2016-09-20,3.11,3.118,3.02,3.03
4051,2016-09-19,3.12,3.16,3.07,3.08
4050,2016-09-16,3.11,3.21,3.08,3.15
4049,2016-09-15,3.13,3.13,3.02,3.09
4048,2016-09-14,3.11,3.15,3.08,3.1
4047,2016-09-13,3.09,3.13,3.02,3.11
4046,2016-09-12,3.12,3.2,3.043,3.1
4045,2016-09-09,3.28,3.29,3.1,3.14
4044,2016-09-08,3.4,3.4,3.29,3.3
4043,2016-09-07,3.28,3.48,3.28,3.38
4042,2016-09-06,3.38,3.42,3.28,3.31
4041,2016-09-02,3.34,3.41,3.298,3.4
4040,2016-09-01,3.23,3.33,3.2175,3.32
4039,2016-08-31,3.26,3.26,3.13,3.21
4038,2016-08-30,3.31,3.32,3.24,3.24
4037,2016-08-29,3.3,3.35,3.3,3.32
4036,2016-08-26,3.3,3.34,3.26,3.31
4035,2016-08-25,3.24,3.32,3.23,3.3
4034,2016-08-24,3.32,3.3999,3.25,3.25
4033,2016-08-23,3.33,3.34,3.293,3.33
4032,2016-08-22,3.28,3.32,3.23,3.31
4031,2016-08-19,3.29,3.35,3.28,3.3
4030,2016-08-18,3.28,3.32,3.24,3.31
4029,2016-08-17,3.23,3.2799,3.16,3.26
4028,2016-08-16,3.35,3.35,3.21,3.23
4027,2016-08-15,3.13,3.35,3.13,3.31
4026,2016-08-12,3.1,3.15,3.0,3.11
4025,2016-08-11,3.11,3.1399,3.11,3.11
4024,2016-08-10,3.11,3.16,3.08,3.1
4023,2016-08-09,3.11,3.14,3.1,3.11
4022,2016-08-08,3.14,3.199,3.11,3.11
4021,2016-08-05,3.1,3.18,3.1,3.16
4020,2016-08-04,3.16,3.19,3.1,3.1
4019,2016-08-03,3.14,3.26,3.13,3.16
4018,2016-08-02,3.09,3.21,3.07,3.15
4017,2016-08-01,3.28,3.28,3.1,3.1
4016,2016-07-29,3.23,3.35,3.16,3.25
4015,2016-07-28,3.1,3.34,3.0,3.23
4014,2016-07-27,3.68,3.76,3.41,3.43
4013,2016-07-26,3.75,3.87,3.75,3.83
4012,2016-07-25,3.83,3.91,3.74,3.89
4011,2016-07-22,3.74,3.87,3.74,3.82
4010,2016-07-21,3.71,3.79,3.7,3.76
4009,2016-07-20,3.81,3.83,3.7,3.74
4008,2016-07-19,3.78,3.87,3.75,3.82
4007,2016-07-18,3.79,3.87,3.73,3.81
4006,2016-07-15,3.89,3.89,3.7849,3.8
4005,2016-07-14,3.8,3.88,3.8,3.85
4004,2016-07-13,3.81,3.83,3.74,3.77
4003,2016-07-12,3.76,3.84,3.74,3.8
4002,2016-07-11,3.76,3.79,3.72,3.75
4001,2016-07-08,3.68,3.76,3.6701,3.75
4000,2016-07-07,3.7,3.77,3.59,3.64
3999,2016-07-06,3.55,3.79,3.55,3.7
3998,2016-07-05,3.57,3.64,3.53,3.59
3997,2016-07-01,3.6,3.66,3.57,3.59
3996,2016-06-30,3.6,3.63,3.55,3.59
3995,2016-06-29,3.66,3.66,3.5,3.58
3994,2016-06-28,3.53,3.64,3.503,3.58
3993,2016-06-27,3.62,3.6389,3.5,3.52
3992,2016-06-24,3.67,3.75,3.64,3.66
3991,2016-06-23,3.75,3.8,3.74,3.8
3990,2016-06-22,3.73,3.79,3.6961,3.73
3989,2016-06-21,3.9,3.9,3.7,3.74
3988,2016-06-20,3.87,3.9,3.84,3.88
3987,2016-06-17,3.8,3.88,3.75,3.84
3986,2016-06-16,3.87,3.915,3.75,3.79
3985,2016-06-15,3.87,3.94,3.81,3.91
3984,2016-06-14,3.83,3.91,3.82,3.87
3983,2016-06-13,3.71,3.95,3.71,3.88
3982,2016-06-10,3.69,3.8599,3.69,3.71
3981,2016-06-09,3.74,3.82,3.7,3.71
3980,2016-06-08,3.7,3.8,3.65,3.78
3979,2016-06-07,3.74,3.77,3.66,3.67
3978,2016-06-06,3.74,3.75,3.66,3.73
3977,2016-06-03,3.71,3.72,3.645,3.7
3976,2016-06-02,3.71,3.73,3.68,3.72
3975,2016-06-01,3.76,3.77,3.7,3.72
3974,2016-05-31,3.89,3.89,3.75,3.77
3973,2016-05-27,3.84,3.93,3.83,3.87
3972,2016-05-26,3.83,3.85,3.79,3.85
3971,2016-05-25,3.89,3.95,3.83,3.84
3970,2016-05-24,3.74,3.92,3.74,3.89
3969,2016-05-23,3.77,3.83,3.71,3.73
3968,2016-05-20,3.74,3.76,3.68,3.75
3967,2016-05-19,3.71,3.82,3.59,3.71
3966,2016-05-18,3.63,3.78,3.6,3.74
3965,2016-05-17,3.79,3.85,3.6,3.63
3964,2016-05-16,3.85,3.935,3.78,3.81
3963,2016-05-13,3.73,3.9,3.71,3.85
3962,2016-05-12,4.03,4.03,3.75,3.77
3961,2016-05-11,4.0,4.04,3.95,4.0
3960,2016-05-10,4.03,4.074,3.9601,4.02
3959,2016-05-09,4.03,4.08,4.0,4.01
3958,2016-05-06,3.95,4.04,3.93,4.01
3957,2016-05-05,3.99,4.04,3.97,3.98
3956,2016-05-04,3.98,4.04,3.92,4.0
3955,2016-05-03,4.0,4.08,3.94,4.0
3954,2016-05-02,4.02,4.1,3.92,4.07
3953,2016-04-29,3.98,4.0799,3.86,3.99
3952,2016-04-28,4.65,4.65,3.93,3.99
3951,2016-04-27,4.18,4.49,4.15,4.33
3950,2016-04-26,4.11,4.24,4.0501,4.21
3949,2016-04-25,4.21,4.2469,4.06,4.07
3948,2016-04-22,4.15,4.28,4.07,4.19
3947,2016-04-21,4.25,4.35,4.15,4.2
3946,2016-04-20,4.09,4.24,4.06,4.21
3945,2016-04-19,4.25,4.2743,4.08,4.12
3944,2016-04-18,4.17,4.3,4.1273,4.24
3943,2016-04-15,4.09,4.215,4.09,4.17
3942,2016-04-14,4.21,4.23,4.12,4.13
3941,2016-04-13,4.02,4.24,4.0,4.21
3940,2016-04-12,3.96,4.04,3.92,3.99
3939,2016-04-11,4.02,4.07,3.97,3.99
3938,2016-04-08,4.06,4.06,3.95,3.99
3937,2016-04-07,4.0,4.06,3.93,3.99
3936,2016-04-06,4.02,4.09,3.99,4.02
3935,2016-04-05,4.13,4.17,4.0,4.01
3934,2016-04-04,4.26,4.4,4.11,4.15
3933,2016-04-01,3.96,4.47,3.93,4.2
3932,2016-03-31,4.0,4.04,3.96,4.0
3931,2016-03-30,3.96,4.04,3.86,4.01
3930,2016-03-29,3.71,3.95,3.67,3.93
3929,2016-03-28,3.8,3.8031,3.65,3.71
3928,2016-03-24,3.61,3.77,3.5301,3.74
3927,2016-03-23,3.77,3.77,3.6,3.62
3926,2016-03-22,3.86,3.9199,3.68,3.75
3925,2016-03-21,4.05,4.085,3.86,3.87
3924,2016-03-18,3.94,4.06,3.9,4.04
3923,2016-03-17,3.84,3.93,3.75,3.9
3922,2016-03-16,3.77,3.94,3.705,3.85
3921,2016-03-15,3.91,3.91,3.76,3.8
3920,2016-03-14,4.05,4.06,3.95,3.95
3919,2016-03-11,3.94,4.06,3.91,4.05
3918,2016-03-10,4.04,4.09,3.84,3.91
3917,2016-03-09,3.83,4.04,3.79,4.03
3916,2016-03-08,3.83,3.98,3.8,3.8
3915,2016-03-07,3.74,3.87,3.74,3.84
3914,2016-03-04,3.66,3.81,3.62,3.73
3913,2016-03-03,3.62,3.67,3.59,3.66
3912,2016-03-02,3.63,3.64,3.53,3.59
3911,2016-03-01,3.51,3.66,3.42,3.64
3910,2016-02-29,3.48,3.5899,3.44,3.5
3909,2016-02-26,3.56,3.64,3.448,3.5
3908,2016-02-25,3.35,3.52,3.31,3.5
3907,2016-02-24,3.2,3.43,3.15,3.31
3906,2016-02-23,3.22,3.27,3.2,3.21
3905,2016-02-22,3.27,3.28,3.16,3.22
3904,2016-02-19,3.26,3.26,3.0601,3.19
3903,2016-02-18,3.08,3.28,3.08,3.26
3902,2016-02-17,3.18,3.19,2.96,3.08
3901,2016-02-16,3.22,3.27,2.93,3.19
3900,2016-02-12,3.0,3.2,2.89,3.15
3899,2016-02-11,2.87,2.98,2.81,2.95
3898,2016-02-10,2.94,3.06,2.9,2.93
3897,2016-02-09,2.92,3.06,2.88,2.95
3896,2016-02-08,3.01,3.02,2.85,2.96
3895,2016-02-05,3.21,3.31,3.01,3.02
3894,2016-02-04,3.28,3.45,3.22,3.23
3893,2016-02-03,3.33,3.37,3.2,3.3
3892,2016-02-02,3.32,3.38,3.27,3.3
3891,2016-02-01,3.2,3.38,3.16,3.35
3890,2016-01-29,3.11,3.3,3.04,3.21
3889,2016-01-28,3.2,3.24,3.07,3.09
3888,2016-01-27,3.24,3.27,3.17,3.18
3887,2016-01-26,3.31,3.32,3.22,3.24
3886,2016-01-25,3.4,3.4268,3.27,3.27
3885,2016-01-22,3.36,3.49,3.31,3.4
3884,2016-01-21,3.4,3.4,3.205,3.25
3883,2016-01-20,3.13,3.43,2.88,3.38
3882,2016-01-19,3.38,3.43,3.17,3.2
3881,2016-01-15,3.42,3.54,3.28,3.34
3880,2016-01-14,3.4,3.62,3.39,3.53
3879,2016-01-13,3.49,3.61,3.36,3.38
3878,2016-01-12,3.59,3.68,3.455,3.55
3877,2016-01-11,3.59,3.59,3.31,3.55
3876,2016-01-08,3.71,4.11,3.59,3.59
3875,2016-01-07,3.68,3.74,3.55,3.57
3874,2016-01-06,3.77,3.87,3.7,3.74
3873,2016-01-05,3.79,4.16,3.71,3.82
3872,2016-01-04,3.93,3.94,3.71,3.73
3871,2015-12-31,3.96,4.0749,3.96,3.97
3870,2015-12-30,4.11,4.1413,3.96,4.0
3869,2015-12-29,4.08,4.19,3.985,4.1
3868,2015-12-28,4.13,4.13,3.855,4.03
3867,2015-12-24,3.86,4.22,3.8,4.16
3866,2015-12-23,3.83,3.855,3.75,3.81
3865,2015-12-22,3.63,3.81,3.61,3.78
3864,2015-12-21,3.79,3.79,3.56,3.63
3863,2015-12-18,3.7,3.89,3.7,3.79
3862,2015-12-17,3.74,3.81,3.68,3.69
3861,2015-12-16,3.71,3.75,3.67,3.7
3860,2015-12-15,3.7,3.85,3.66,3.68
3859,2015-12-14,3.79,3.86,3.68,3.69
3858,2015-12-11,3.87,3.93,3.73,3.8
3857,2015-12-10,3.84,3.97,3.77,3.95
3856,2015-12-09,3.94,4.02,3.82,3.84
3855,2015-12-08,3.93,3.9799,3.8,3.94
3854,2015-12-07,4.11,4.11,3.89,3.94
3853,2015-12-04,4.09,4.2,4.01,4.09
3852,2015-12-03,4.27,4.35,4.0,4.055
3851,2015-12-02,3.87,4.3,3.86,4.25
3850,2015-12-01,3.91,3.96,3.8,3.87
3849,2015-11-30,4.0,4.03,3.864,3.92
3848,2015-11-27,3.71,3.98,3.71,3.97
3847,2015-11-25,3.7,3.75,3.69,3.71
3846,2015-11-24,3.7,3.8,3.65,3.73
3845,2015-11-23,3.7,3.795,3.65,3.7
3844,2015-11-20,3.7,3.8,3.68,3.73
3843,2015-11-19,3.78,3.78,3.65,3.67
3842,2015-11-18,3.68,3.8,3.66,3.78
3841,2015-11-17,3.73,3.76,3.65,3.7
3840,2015-11-16,3.77,3.83,3.68,3.75
3839,2015-11-13,3.77,3.87,3.751,3.77
3838,2015-11-12,3.82,3.94,3.79,3.81
3837,2015-11-11,3.94,3.98,3.87,3.88
3836,2015-11-10,4.01,4.015,3.92,3.96
3835,2015-11-09,4.05,4.07,3.95,3.99
3834,2015-11-06,3.97,4.03,3.92,4.03
3833,2015-11-05,3.92,3.995,3.87,3.95
3832,2015-11-04,3.8,3.94,3.78,3.93
3831,2015-11-03,4.02,4.15,3.85,3.88
3830,2015-11-02,4.18,4.18,3.83,4.07
3829,2015-10-30,4.02,4.24,3.86,4.205
3828,2015-10-29,4.61,4.99,4.35,4.4
3827,2015-10-28,4.71,5.07,4.7,5.07
3826,2015-10-27,4.78,4.85,4.7,4.72
3825,2015-10-26,4.76,4.85,4.7,4.74
3824,2015-10-23,4.75,4.8925,4.71,4.76
3823,2015-10-22,4.9,4.94,4.67,4.73
3822,2015-10-21,5.11,5.12,4.85,4.91
3821,2015-10-20,5.09,5.18,5.02,5.07
3820,2015-10-19,5.07,5.24,5.0,5.07
3819,2015-10-16,5.32,5.361,5.04,5.08
3818,2015-10-15,5.06,5.32,5.06,5.29
3817,2015-10-14,5.33,5.44,5.07,5.07
3816,2015-10-13,5.43,5.5599,5.31,5.32
3815,2015-10-12,5.36,5.5396,5.32,5.44
3814,2015-10-09,5.52,5.55,5.31,5.33
3813,2015-10-08,5.56,5.56,5.31,5.48
3812,2015-10-07,5.45,5.58,5.36,5.54
3811,2015-10-06,5.71,5.72,5.395,5.44
3810,2015-10-05,5.66,5.74,5.445,5.73
3809,2015-10-02,5.46,5.63,5.32,5.61
3808,2015-10-01,5.68,5.74,5.445,5.5
3807,2015-09-30,5.5,5.68,5.42,5.68
3806,2015-09-29,5.44,5.55,5.32,5.47
3805,2015-09-28,5.63,5.68,5.3,5.43
3804,2015-09-25,6.25,6.26,5.61,5.69
3803,2015-09-24,6.11,6.2,6.0301,6.19
3802,2015-09-23,6.15,6.26,6.08,6.12
3801,2015-09-22,6.01,6.145,5.95,6.13
3800,2015-09-21,6.28,6.3103,6.01,6.11
3799,2015-09-18,6.15,6.39,6.15,6.19
3798,2015-09-17,6.12,6.345,6.12,6.25
3797,2015-09-16,6.17,6.22,6.07,6.11
3796,2015-09-15,6.06,6.23,5.97,6.17
3795,2015-09-14,6.17,6.18,6.01,6.05
3794,2015-09-11,6.09,6.2799,6.06,6.18
3793,2015-09-10,6.04,6.24,6.04,6.15
3792,2015-09-09,6.31,6.32,6.0767,6.1
3791,2015-09-08,6.22,6.34,6.13,6.27
3790,2015-09-04,6.05,6.22,6.027,6.15
3789,2015-09-03,6.22,6.32,6.1,6.1
3788,2015-09-02,6.19,6.24,6.11,6.23
3787,2015-09-01,6.23,6.32,6.1,6.14
3786,2015-08-31,6.33,6.55,6.32,6.38
3785,2015-08-28,6.32,6.4,6.22,6.33
3784,2015-08-27,6.25,6.47,6.11,6.29
3783,2015-08-26,6.2,6.34,6.0,6.19
3782,2015-08-25,6.37,6.37,6.05,6.08
3781,2015-08-24,6.31,6.4,5.87,6.16
3780,2015-08-21,6.5,6.75,6.46,6.62
3779,2015-08-20,6.85,6.88,6.57,6.58
3778,2015-08-19,6.9,7.08,6.78,6.87
3777,2015-08-18,6.57,6.74,6.55,6.56
3776,2015-08-17,6.52,6.6,6.43,6.55
3775,2015-08-14,6.4,6.56,6.4,6.52
3774,2015-08-13,6.6,6.6599,6.4,6.41
3773,2015-08-12,6.64,6.69,6.53,6.58
3772,2015-08-11,6.67,6.75,6.61,6.69
3771,2015-08-10,6.62,6.8,6.6,6.67
3770,2015-08-07,6.68,6.72,6.52,6.67
3769,2015-08-06,6.96,6.97,6.68,6.74
3768,2015-08-05,7.01,7.14,6.88,6.92
3767,2015-08-04,7.0,7.27,6.9,6.92
3766,2015-08-03,7.15,7.15,7.0,7.03
3765,2015-07-31,6.85,7.48,6.81,7.28
3764,2015-07-30,6.7,6.93,6.6,6.81
3763,2015-07-29,6.78,6.83,6.63,6.77
3762,2015-07-28,6.77,6.789,6.5615,6.74
3761,2015-07-27,6.55,6.68,6.55,6.65
3760,2015-07-24,6.82,6.82,6.55,6.58
3759,2015-07-23,6.83,6.8385,6.66,6.74
3758,2015-07-22,6.8,6.9,6.65,6.73
3757,2015-07-21,6.93,6.95,6.62,6.71
3756,2015-07-20,6.38,6.52,6.36,6.42
3755,2015-07-17,6.49,6.54,6.38,6.4
3754,2015-07-16,6.47,6.62,6.4694,6.48
3753,2015-07-15,6.6,6.65,6.42,6.45
3752,2015-07-14,6.58,6.7,6.56,6.63
3751,2015-07-13,6.58,6.7,6.51,6.57
3750,2015-07-10,6.36,6.58,6.3,6.55
3749,2015-07-09,6.3,6.34,6.23,6.26
3748,2015-07-08,6.0,6.23,6.0,6.17
3747,2015-07-07,6.44,6.44,5.81,6.11
3746,2015-07-06,6.28,6.5,6.23,6.47
3745,2015-07-02,6.39,6.39,6.17,6.29
3744,2015-07-01,6.51,6.583,6.27,6.36
3743,2015-06-30,6.32,6.52,6.29,6.46
3742,2015-06-29,6.32,6.571,6.23,6.24
3741,2015-06-26,6.67,6.73,6.4401,6.5
3740,2015-06-25,6.8,6.85,6.61,6.69
3739,2015-06-24,6.9,6.9,6.73,6.8
3738,2015-06-23,6.97,7.0,6.77,6.89
3737,2015-06-22,6.79,7.11,6.75,6.98
3736,2015-06-19,6.89,6.97,6.71,6.74
3735,2015-06-18,6.6,6.88,6.58,6.85
3734,2015-06-17,6.54,6.65,6.44,6.54
3733,2015-06-16,6.49,6.6,6.41,6.49
3732,2015-06-15,6.54,6.55,6.4,6.48
3731,2015-06-12,6.55,6.66,6.46,6.57
3730,2015-06-11,6.63,6.72,6.55,6.63
3729,2015-06-10,6.55,6.72,6.54,6.68
3728,2015-06-09,6.58,6.62,6.46,6.48
3727,2015-06-08,6.55,6.65,6.5,6.55
3726,2015-06-05,6.54,6.65,6.42,6.63
3725,2015-06-04,6.53,6.68,6.4401,6.53
3724,2015-06-03,6.76,6.8,6.55,6.63
3723,2015-06-02,6.56,6.79,6.5,6.68
3722,2015-06-01,6.45,6.67,6.35,6.56
3721,2015-05-29,6.27,6.5,6.23,6.47
3720,2015-05-28,6.38,6.38,6.2,6.31
3719,2015-05-27,6.11,6.43,6.1,6.42
3718,2015-05-26,6.26,6.33,6.13,6.13
3717,2015-05-22,6.45,6.49,6.28,6.33
3716,2015-05-21,6.5,6.59,6.43,6.45
3715,2015-05-20,6.34,6.52,6.31,6.43
3714,2015-05-19,6.5,6.58,6.33,6.33
3713,2015-05-18,6.49,6.52,6.38,6.5
3712,2015-05-15,6.5,6.59,6.4,6.48
3711,2015-05-14,6.56,6.6,6.33,6.54
3710,2015-05-13,6.31,6.541,6.09,6.47
3709,2015-05-12,6.24,6.28,5.96,6.28
3708,2015-05-11,6.22,6.31,6.13,6.26
3707,2015-05-08,6.28,6.3193,6.12,6.18
3706,2015-05-07,6.1,6.34,6.03,6.2
3705,2015-05-06,6.09,6.2199,6.01,6.12
3704,2015-05-05,6.35,6.36,6.0,6.01
3703,2015-05-04,5.98,6.39,5.94,6.35
3702,2015-05-01,5.66,5.95,5.653,5.94
3701,2015-04-30,5.85,5.92,5.59,5.6
3700,2015-04-29,5.85,5.92,5.79,5.88
3699,2015-04-28,5.84,5.93,5.74,5.87
3698,2015-04-27,5.93,5.95,5.68,5.79
3697,2015-04-24,5.9,5.95,5.7801,5.86
3696,2015-04-23,6.0,6.08,5.66,5.77
3695,2015-04-22,5.82,5.83,5.62,5.69
3694,2015-04-21,5.78,5.85,5.75,5.79
3693,2015-04-20,5.73,5.9,5.569,5.78
3692,2015-04-17,5.79,5.82,5.5785,5.7
3691,2015-04-16,5.81,5.93,5.75,5.88
3690,2015-04-15,5.81,5.95,5.74,5.89
3689,2015-04-14,5.65,5.85,5.56,5.78
3688,2015-04-13,5.63,5.75,5.52,5.64
3687,2015-04-10,5.45,5.61,5.37,5.6
3686,2015-04-09,5.38,5.45,5.34,5.42
3685,2015-04-08,5.27,5.41,5.24,5.4
3684,2015-04-07,5.28,5.3,5.185,5.24
3683,2015-04-06,5.13,5.28,5.1,5.24
3682,2015-04-02,5.05,5.21,4.93,5.14
3681,2015-04-01,4.9,5.05,4.9,5.03
3680,2015-03-31,4.87,4.95,4.79,4.94
3679,2015-03-30,4.99,5.0399,4.84,4.92
3678,2015-03-27,5.03,5.08,4.95,4.99
3677,2015-03-26,5.08,5.15,4.93,5.05
3676,2015-03-25,5.28,5.29,5.12,5.12
3675,2015-03-24,5.3,5.3,5.2305,5.27
3674,2015-03-23,5.22,5.31,5.18,5.28
3673,2015-03-20,5.28,5.46,5.16,5.16
3672,2015-03-19,5.26,5.285,5.21,5.25
3671,2015-03-18,5.24,5.33,5.17,5.29
3670,2015-03-17,5.2,5.3,5.155,5.26
3669,2015-03-16,5.25,5.31,5.1,5.23
3668,2015-03-13,5.35,5.35,5.14,5.22
3667,2015-03-12,5.27,5.32,5.26,5.29
3666,2015-03-11,5.28,5.35,5.24,5.28
3665,2015-03-10,5.19,5.35,5.12,5.3
3664,2015-03-09,5.3,5.33,5.2301,5.29
3663,2015-03-06,5.25,5.41,5.25,5.32
3662,2015-03-05,5.29,5.45,5.22,5.35
3661,2015-03-04,5.29,5.35,5.175,5.31
3660,2015-03-03,5.4,5.42,5.22,5.36
3659,2015-03-02,5.3,5.482,5.28,5.42
3658,2015-02-27,5.17,5.33,5.1489,5.32
3657,2015-02-26,5.07,5.2,5.07,5.2
3656,2015-02-25,5.16,5.22,5.08,5.14
3655,2015-02-24,5.3,5.32,5.12,5.2
3654,2015-02-23,5.3,5.4,5.23,5.3
3653,2015-02-20,5.2,5.38,5.0124,5.32
3652,2015-02-19,5.26,5.375,5.04,5.19
3651,2015-02-18,5.2,5.321,5.1899,5.31
3650,2015-02-17,5.61,5.67,5.1,5.23
3649,2015-02-13,5.41,5.74,5.35,5.54
3648,2015-02-12,5.1,5.44,5.1,5.35
3647,2015-02-11,5.02,5.1,4.93,5.05
3646,2015-02-10,4.96,5.11,4.9,5.06
3645,2015-02-09,4.8,5.05,4.73,4.9
3644,2015-02-06,4.83,4.91,4.73,4.8
3643,2015-02-05,4.59,4.86,4.58,4.82
3642,2015-02-04,4.48,4.61,4.4601,4.56
3641,2015-02-03,4.52,4.64,4.41,4.49
3640,2015-02-02,4.49,4.55,4.3604,4.48
3639,2015-01-30,4.63,4.83,4.41,4.46
3638,2015-01-29,4.64,4.73,4.53,4.69
3637,2015-01-28,4.89,4.89,4.5348,4.61
3636,2015-01-27,4.85,4.97,4.765,4.82
3635,2015-01-26,4.77,4.97,4.65,4.94
3634,2015-01-23,4.84,4.85,4.7,4.71
3633,2015-01-22,4.76,4.86,4.5501,4.82
3632,2015-01-21,4.85,4.94,4.62,4.7
3631,2015-01-20,4.92,4.98,4.75,4.89
3630,2015-01-16,4.77,4.99,4.77,4.95
3629,2015-01-15,5.16,5.16,4.8,4.8
3628,2015-01-14,5.07,5.21,5.0,5.16
3627,2015-01-13,5.19,5.33,5.07,5.13
3626,2015-01-12,5.05,5.15,5.03,5.13
3625,2015-01-09,5.18,5.24,5.0,5.07
3624,2015-01-08,5.09,5.24,5.01,5.21
3623,2015-01-07,5.06,5.14,4.98,5.03
3622,2015-01-06,5.18,5.25,4.9,4.99
3621,2015-01-05,5.09,5.28,5.09,5.18
3620,2015-01-02,5.27,5.3,5.02,5.15
3619,2014-12-31,5.24,5.3,5.15,5.2
3618,2014-12-30,5.24,5.245,5.15,5.24
3617,2014-12-29,5.33,5.34,5.19,5.23
3616,2014-12-26,5.28,5.45,5.2,5.3
3615,2014-12-24,5.22,5.4,5.08,5.2
3614,2014-12-23,5.42,5.42,5.16,5.2
3613,2014-12-22,5.45,5.59,5.3,5.4
3612,2014-12-19,5.28,5.53,5.17,5.48
3611,2014-12-18,5.29,5.34,5.07,5.31
3610,2014-12-17,4.87,5.22,4.84,5.2
3609,2014-12-16,4.95,5.07,4.83,4.84
3608,2014-12-15,5.17,5.24,4.9632,4.97
3607,2014-12-12,5.31,5.5,5.05,5.18
3606,2014-12-11,5.45,5.59,5.31,5.41
3605,2014-12-10,5.57,5.6525,5.4,5.4
3604,2014-12-09,5.28,5.669,5.25,5.61
3603,2014-12-08,5.24,5.53,5.22,5.35
3602,2014-12-05,5.14,5.46,5.1332,5.25
3601,2014-12-04,5.15,5.27,5.01,5.15
3600,2014-12-03,5.1,5.19,5.05,5.13
3599,2014-12-02,4.91,5.24,4.9,5.11
3598,2014-12-01,4.87,4.97,4.87,4.91
3597,2014-11-28,5.18,5.18,4.9,4.9
3596,2014-11-26,4.92,5.21,4.9,5.19
3595,2014-11-25,4.9,4.98,4.87,4.94
3594,2014-11-24,4.9,4.99,4.8,4.9
3593,2014-11-21,5.02,5.02,4.86,4.87
3592,2014-11-20,4.89,5.02,4.78,4.92
3591,2014-11-19,5.07,5.1,4.91,4.94
3590,2014-11-18,5.14,5.16,5.05,5.06
3589,2014-11-17,5.06,5.23,5.06,5.09
3588,2014-11-14,5.11,5.16,4.9,5.06
3587,2014-11-13,5.11,5.116,5.0,5.08
3586,2014-11-12,4.92,5.14,4.88,5.11
3585,2014-11-11,5.07,5.16,4.945,4.97
3584,2014-11-10,5.1,5.11,4.9,5.11
3583,2014-11-07,5.1,5.1,4.87,5.09
3582,2014-11-06,5.03,5.09,4.94,5.075
3581,2014-11-05,5.07,5.18,4.9827,5.0
3580,2014-11-04,5.21,5.25,5.05,5.07
3579,2014-11-03,5.1,5.21,4.96,5.2
3578,2014-10-31,4.87,5.09,4.71,5.09
3577,2014-10-30,4.25,4.8,4.2499,4.76
3576,2014-10-29,4.25,4.3,4.0,4.23
3575,2014-10-28,4.07,4.27,4.01,4.27
3574,2014-10-27,4.08,4.125,3.93,4.03
3573,2014-10-24,4.03,4.45,4.03,4.11
3572,2014-10-23,3.52,4.03,3.5001,4.01
3571,2014-10-22,3.62,3.67,3.54,3.56
3570,2014-10-21,3.62,3.69,3.54,3.64
3569,2014-10-20,3.72,4.098,3.58,3.61
3568,2014-10-17,3.96,3.983,3.72,3.72
3567,2014-10-16,3.66,4.0,3.65,3.895
3566,2014-10-15,3.6,3.78,3.54,3.69
3565,2014-10-14,3.67,3.79,3.63,3.66
3564,2014-10-13,3.77,3.875,3.546,3.66
3563,2014-10-10,3.92,4.18,3.92,3.96
3562,2014-10-09,4.78,4.78,4.0,4.15
3561,2014-10-08,4.57,4.86,4.566,4.81
3560,2014-10-07,4.76,4.88,4.52,4.6
3559,2014-10-06,4.87,4.91,4.757,4.81
3558,2014-10-03,4.88,4.95,4.84,4.87
3557,2014-10-02,4.68,4.85,4.68,4.8
3556,2014-10-01,4.75,4.8,4.55,4.69
3555,2014-09-30,5.07,5.07,4.78,4.78
3554,2014-09-29,5.11,5.16,4.86,5.06
3553,2014-09-26,5.07,5.19,5.03,5.17
3552,2014-09-25,5.17,5.275,5.01,5.08
3551,2014-09-24,5.29,5.32,5.07,5.17
3550,2014-09-23,5.09,5.35,5.09,5.21
3549,2014-09-22,5.08,5.14,5.03,5.09
3548,2014-09-19,5.15,5.377,5.09,5.12
3547,2014-09-18,5.07,5.17,4.99,5.13
3546,2014-09-17,5.13,5.2,5.0,5.07
3545,2014-09-16,5.31,5.31,5.06,5.15
3544,2014-09-15,5.26,5.4,5.08,5.31
3543,2014-09-12,5.47,5.48,5.183,5.24
3542,2014-09-11,5.4,5.46,5.29,5.45
3541,2014-09-10,5.4,5.45,5.39,5.44
3540,2014-09-09,5.45,5.57,5.3,5.41
3539,2014-09-08,5.41,5.52,5.39,5.45
3538,2014-09-05,5.4,5.46,5.3,5.43
3537,2014-09-04,5.37,5.56,5.36,5.43
3536,2014-09-03,5.5,5.56,5.32,5.37
3535,2014-09-02,5.37,5.577,5.33,5.5
3534,2014-08-29,5.27,5.4,5.19,5.31
3533,2014-08-28,5.2,5.28,5.18,5.24
3532,2014-08-27,5.25,5.32,5.19,5.25
3531,2014-08-26,5.25,5.358,5.17,5.23
3530,2014-08-25,4.91,5.45,4.91,5.27
3529,2014-08-22,4.84,4.95,4.8001,4.86
3528,2014-08-21,4.69,4.89,4.564,4.83
3527,2014-08-20,4.82,4.86,4.64,4.72
3526,2014-08-19,4.81,4.95,4.81,4.86
3525,2014-08-18,4.79,4.87,4.75,4.85
3524,2014-08-15,4.79,4.79,4.56,4.73
3523,2014-08-14,4.77,4.83,4.65,4.71
3522,2014-08-13,4.65,4.79,4.59,4.79
3521,2014-08-12,4.85,4.85,4.599,4.64
3520,2014-08-11,4.91,4.93,4.8,4.87
3519,2014-08-08,4.77,4.95,4.74,4.87
3518,2014-08-07,5.0,5.04,4.78,4.79
3517,2014-08-06,4.7,5.02,4.7,4.93
3516,2014-08-05,4.56,4.83,4.52,4.74
3515,2014-08-04,4.56,4.62,4.42,4.6
3514,2014-08-01,4.59,4.62,4.46,4.52
3513,2014-07-31,4.65,4.65,4.48,4.57
3512,2014-07-30,4.73,4.76,4.59,4.71
3511,2014-07-29,4.6,4.7,4.43,4.7
3510,2014-07-28,4.61,4.68,4.48,4.57
3509,2014-07-25,4.4,4.6,4.305,4.58
3508,2014-07-24,4.79,4.79,4.34,4.41
3507,2014-07-23,4.12,4.32,4.12,4.29
3506,2014-07-22,4.17,4.24,4.1,4.13
3505,2014-07-21,4.19,4.22,4.1184,4.15
3504,2014-07-18,4.09,4.24,4.09,4.24
3503,2014-07-17,4.25,4.3,4.11,4.11
3502,2014-07-16,4.3,4.3,4.225,4.26
3501,2014-07-15,4.28,4.3,4.21,4.26
3500,2014-07-14,4.31,4.31,4.25,4.26
3499,2014-07-11,4.25,4.31,4.21,4.27
3498,2014-07-10,4.22,4.36,4.22,4.27
3497,2014-07-09,4.36,4.38,4.28,4.35
3496,2014-07-08,4.48,4.48,4.29,4.33
3495,2014-07-07,4.65,4.66,4.45,4.51
3494,2014-07-03,4.54,4.67,4.54,4.66
3493,2014-07-02,4.45,4.646,4.45,4.54
3492,2014-07-01,4.34,4.5,4.31,4.47
3491,2014-06-30,4.33,4.36,4.23,4.35
3490,2014-06-27,4.25,4.38,4.23,4.37
3489,2014-06-26,4.31,4.36,4.2,4.27
3488,2014-06-25,4.36,4.41,4.23,4.34
3487,2014-06-24,4.5,4.61,4.37,4.4
3486,2014-06-23,4.59,4.61,4.5,4.5
3485,2014-06-20,4.64,4.64,4.52,4.6
3484,2014-06-19,4.61,4.68,4.58,4.61
3483,2014-06-18,4.5,4.59,4.5,4.59
3482,2014-06-17,4.58,4.58,4.46,4.515
3481,2014-06-16,4.5,4.57,4.45,4.56
3480,2014-06-13,4.55,4.55,4.41,4.53
3479,2014-06-12,4.43,4.57,4.37,4.52
3478,2014-06-11,4.45,4.48,4.41,4.46
3477,2014-06-10,4.44,4.48,4.28,4.47
3476,2014-06-09,4.25,4.5,4.25,4.44
3475,2014-06-06,4.3,4.331,4.19,4.26
3474,2014-06-05,4.13,4.34,4.13,4.25
3473,2014-06-04,4.12,4.18,4.01,4.13
3472,2014-06-03,4.21,4.24,4.09,4.12
3471,2014-06-02,4.35,4.42,4.18,4.21
3470,2014-05-30,4.25,4.38,4.21,4.35
3469,2014-05-29,4.33,4.35,4.22,4.23
3468,2014-05-28,4.36,4.3655,4.235,4.3
3467,2014-05-27,4.17,4.39,4.16,4.39
3466,2014-05-23,4.18,4.18,4.06,4.16
3465,2014-05-22,4.11,4.24,4.06,4.16
3464,2014-05-21,4.09,4.22,3.92,4.15
3463,2014-05-20,4.26,4.38,4.07,4.1
3462,2014-05-19,4.27,4.394,4.21,4.28
3461,2014-05-16,4.31,4.4,4.15,4.31
3460,2014-05-15,4.34,4.4,4.25,4.32
3459,2014-05-14,4.45,4.53,4.3,4.37
3458,2014-05-13,4.52,4.6,4.44,4.46
3457,2014-05-12,4.38,4.605,4.11,4.52
3456,2014-05-09,4.29,4.4,4.16,4.38
3455,2014-05-08,4.59,4.67,4.3,4.32
3454,2014-05-07,4.82,4.82,4.57,4.59
3453,2014-05-06,4.78,5.0,4.71,4.81
3452,2014-05-05,4.63,4.867,4.3698,4.77
3451,2014-05-02,4.41,4.6999,4.36,4.62
3450,2014-05-01,4.4,4.47,4.27,4.4
3449,2014-04-30,4.2,4.32,4.12,4.3
3448,2014-04-29,4.14,4.34,4.1,4.21
3447,2014-04-28,4.08,4.269,4.03,4.1
3446,2014-04-25,4.14,4.39,4.02,4.04
3445,2014-04-24,3.9,3.9999,3.78,3.93
3444,2014-04-23,3.85,3.9,3.74,3.77
3443,2014-04-22,3.83,3.9,3.81,3.87
3442,2014-04-21,3.72,3.85,3.68,3.81
3441,2014-04-17,3.73,3.82,3.67,3.74
3440,2014-04-16,3.83,3.83,3.75,3.76
3439,2014-04-15,3.79,3.84,3.61,3.82
3438,2014-04-14,3.84,3.869,3.71,3.79
3437,2014-04-11,3.82,3.87,3.75,3.8
3436,2014-04-10,4.0,4.1464,3.82,3.87
3435,2014-04-09,3.91,4.14,3.86,4.03
3434,2014-04-08,3.81,3.91,3.7,3.91
3433,2014-04-07,3.76,3.82,3.732,3.82
3432,2014-04-04,3.9,4.03,3.7,3.79
3431,2014-04-03,3.98,4.01,3.89,3.9
3430,2014-04-02,3.98,4.02,3.91,3.98
3429,2014-04-01,4.1,4.15,3.96,3.99
3428,2014-03-31,3.91,4.15,3.9,4.08
3427,2014-03-28,3.88,4.03,3.87,3.9
3426,2014-03-27,3.91,3.97,3.82,3.89
3425,2014-03-26,4.12,4.138,3.91,3.91
3424,2014-03-25,4.09,4.14,3.96,4.08
3423,2014-03-24,4.19,4.19,3.95,4.08
3422,2014-03-21,4.21,4.23,4.14,4.2
3421,2014-03-20,4.03,4.2,4.03,4.18
3420,2014-03-19,4.17,4.2,4.07,4.16
3419,2014-03-18,4.09,4.22,4.064,4.2
3418,2014-03-17,4.08,4.13,4.04,4.07
3417,2014-03-14,4.0,4.1,3.99,4.04
3416,2014-03-13,4.01,4.17,3.96,4.03
3415,2014-03-12,4.36,4.46,3.91,3.98
3414,2014-03-11,3.96,4.01,3.88,3.95
3413,2014-03-10,3.87,3.9782,3.8,3.94
3412,2014-03-07,4.04,4.0999,3.88,3.9
3411,2014-03-06,4.02,4.08,3.95,4.0
3410,2014-03-05,3.94,4.045,3.92,4.01
3409,2014-03-04,3.86,4.15,3.77,3.97
3408,2014-03-03,3.72,3.86,3.72,3.85
3407,2014-02-28,3.82,3.82,3.68,3.76
3406,2014-02-27,3.76,3.83,3.68,3.8
3405,2014-02-26,3.8,3.89,3.75,3.79
3404,2014-02-25,3.7,3.8,3.65,3.78
3403,2014-02-24,3.85,3.92,3.68,3.72
3402,2014-02-21,3.83,3.89,3.8,3.84
3401,2014-02-20,3.85,3.85,3.75,3.81
3400,2014-02-19,3.71,3.86,3.69,3.85
3399,2014-02-18,3.53,3.75,3.53,3.74
3398,2014-02-14,3.56,3.61,3.465,3.57
3397,2014-02-13,3.35,3.725,3.32,3.55
3396,2014-02-12,3.23,3.35,3.2,3.26
3395,2014-02-11,3.27,3.3,3.18,3.21
3394,2014-02-10,3.13,3.34,3.12,3.27
3393,2014-02-07,3.03,3.13,3.03,3.12
3392,2014-02-06,3.01,3.12,3.0,3.04
3391,2014-02-05,3.08,3.2,3.0,3.0
3390,2014-02-04,3.12,3.22,3.07,3.07
3389,2014-02-03,3.12,3.15,3.1,3.12
3388,2014-01-31,3.07,3.238,3.07,3.1
3387,2014-01-30,3.13,3.22,3.13,3.15
3386,2014-01-29,3.18,3.2,3.1,3.12
3385,2014-01-28,3.22,3.28,3.18,3.19
3384,2014-01-27,3.34,3.43,3.2,3.21
3383,2014-01-24,3.38,3.49,3.22,3.3
3382,2014-01-23,3.28,3.44,3.25,3.42
3381,2014-01-22,3.34,3.34,3.26,3.31
3380,2014-01-21,3.23,3.33,3.2026,3.32
3379,2014-01-17,3.25,3.3,3.21,3.26
3378,2014-01-16,3.33,3.345,3.23,3.26
3377,2014-01-15,3.27,3.4299,3.25,3.35
3376,2014-01-14,3.3,3.33,3.22,3.25
3375,2014-01-13,3.31,3.41,3.25,3.27
3374,2014-01-10,3.39,3.42,3.31,3.33
3373,2014-01-09,3.44,3.475,3.36,3.38
3372,2014-01-08,3.49,3.51,3.4,3.42
3371,2014-01-07,3.46,3.54,3.44,3.5
3370,2014-01-06,3.47,3.52,3.41,3.46
3369,2014-01-03,3.5,3.54,3.43,3.45
3368,2014-01-02,3.51,3.61,3.42,3.5
3367,2013-12-31,3.4,3.64,3.35,3.54
3366,2013-12-30,3.36,3.41,3.3,3.39
3365,2013-12-27,3.34,3.39,3.29,3.37
3364,2013-12-26,3.45,3.45,3.26,3.32
3363,2013-12-24,3.25,3.485,3.25,3.44
3362,2013-12-23,3.14,3.26,3.12,3.26
3361,2013-12-20,3.06,3.15,3.04,3.14
3360,2013-12-19,3.14,3.19,3.01,3.04
3359,2013-12-18,3.02,3.1601,3.01,3.15
3358,2013-12-17,3.0,3.05,2.96,3.04
3357,2013-12-16,2.91,3.04,2.88,3.0
3356,2013-12-13,2.92,2.98,2.9,2.91
3355,2013-12-12,3.01,3.04,2.89,2.91
3354,2013-12-11,3.07,3.11,2.9901,3.01
3353,2013-12-10,3.0,3.11,3.0,3.075
3352,2013-12-09,3.09,3.09,2.99,3.01
3351,2013-12-06,3.17,3.17,3.085,3.1
3350,2013-12-05,3.03,3.14,3.0,3.13
3349,2013-12-04,2.99,3.06,2.97,3.04
3348,2013-12-03,2.93,3.02,2.89,3.0
3347,2013-12-02,3.08,3.08,2.94,2.94
3346,2013-11-29,2.97,3.12,2.97,3.08
3345,2013-11-27,3.01,3.05,2.89,2.955
3344,2013-11-26,3.02,3.04,2.98,3.03
3343,2013-11-25,2.98,3.03,2.95,3.01
3342,2013-11-22,3.01,3.04,2.93,2.99
3341,2013-11-21,2.98,3.04,2.98,3.01
3340,2013-11-20,2.99,3.0,2.93,2.96
3339,2013-11-19,2.86,3.0124,2.85,2.99
3338,2013-11-18,3.0,3.01,2.82,2.86
3337,2013-11-15,2.98,3.02,2.96,2.98
3336,2013-11-14,3.01,3.05,2.97,2.991
3335,2013-11-13,3.0,3.02,2.93,3.02
3334,2013-11-12,2.98,3.02,2.95,3.0
3333,2013-11-11,2.93,3.01,2.88,2.97
3332,2013-11-08,2.82,2.93,2.79,2.92
3331,2013-11-07,2.87,2.94,2.79,2.83
3330,2013-11-06,2.89,2.99,2.81,2.86
3329,2013-11-05,2.9,2.95,2.82,2.88
3328,2013-11-04,2.88,2.92,2.8,2.89
3327,2013-11-01,2.78,2.87,2.77,2.84
3326,2013-10-31,2.97,3.01,2.77,2.79
3325,2013-10-30,3.3,3.33,2.93,2.96
3324,2013-10-29,3.1,3.4,3.1,3.27
3323,2013-10-28,3.16,3.21,3.1,3.15
3322,2013-10-25,3.29,3.29,3.13,3.17
3321,2013-10-24,3.28,3.34,3.25,3.27
3320,2013-10-23,3.35,3.37,3.27,3.29
3319,2013-10-22,3.43,3.46,3.36,3.37
3318,2013-10-21,3.51,3.61,3.38,3.43
3317,2013-10-18,3.64,3.64,3.5601,3.58
3316,2013-10-17,3.57,3.62,3.5,3.6
3315,2013-10-16,3.77,3.96,3.51,3.57
3314,2013-10-15,3.94,3.98,3.89,3.9
3313,2013-10-14,3.9,3.97,3.85,3.96
3312,2013-10-11,3.86,3.94,3.82,3.93
3311,2013-10-10,3.95,3.95,3.83,3.86
3310,2013-10-09,4.0,4.02,3.86,3.9
3309,2013-10-08,3.92,4.0,3.92,3.96
3308,2013-10-07,3.8,3.97,3.7801,3.9
3307,2013-10-04,3.82,3.8799,3.78,3.85
3306,2013-10-03,3.84,3.89,3.78,3.81
3305,2013-10-02,3.74,3.89,3.73,3.84
3304,2013-10-01,3.76,3.86,3.72,3.75
3303,2013-09-30,3.59,3.76,3.56,3.74
3302,2013-09-27,3.71,3.75,3.61,3.615
3301,2013-09-26,3.7,3.79,3.67,3.74
3300,2013-09-25,3.72,3.78,3.69,3.69
3299,2013-09-24,3.71,3.76,3.67,3.71
3298,2013-09-23,3.7,3.78,3.68,3.72
3297,2013-09-20,3.65,3.75,3.65,3.7
3296,2013-09-19,3.71,3.75,3.62,3.65
3295,2013-09-18,3.74,3.78,3.67,3.7
3294,2013-09-17,3.65,3.75,3.63,3.75
3293,2013-09-16,3.6,3.69,3.6,3.65
3292,2013-09-13,3.84,3.8699,3.56,3.58
3291,2013-09-12,3.96,3.98,3.8,3.82
3290,2013-09-11,3.56,4.01,3.56,3.93
3289,2013-09-10,3.51,3.56,3.47,3.51
3288,2013-09-09,3.39,3.53,3.39,3.51
3287,2013-09-06,3.46,3.4799,3.38,3.39
3286,2013-09-05,3.39,3.48,3.38,3.46
3285,2013-09-04,3.39,3.46,3.35,3.4
3284,2013-09-03,3.34,3.42,3.34,3.41
3283,2013-08-30,3.41,3.45,3.32,3.33
3282,2013-08-29,3.38,3.42,3.36,3.42
3281,2013-08-28,3.39,3.44,3.36,3.4
3280,2013-08-27,3.44,3.48,3.4,3.4
3279,2013-08-26,3.53,3.61,3.44,3.46
3278,2013-08-23,3.5,3.54,3.455,3.53
3277,2013-08-22,3.49,3.6,3.46,3.5
3276,2013-08-21,3.5,3.55,3.425,3.47
3275,2013-08-20,3.48,3.62,3.47,3.52
3274,2013-08-19,3.45,3.5,3.43,3.47
3273,2013-08-16,3.5,3.53,3.44,3.45
3272,2013-08-15,3.5,3.57,3.45,3.52
3271,2013-08-14,3.65,3.655,3.53,3.53
3270,2013-08-13,3.69,3.7,3.63,3.65
3269,2013-08-12,3.64,3.7,3.62,3.68
3268,2013-08-09,3.67,3.75,3.62,3.65
3267,2013-08-08,3.92,3.92,3.5375,3.73
3266,2013-08-07,3.88,3.98,3.85,3.86
3265,2013-08-06,4.05,4.1255,4.01,4.04
3264,2013-08-05,4.08,4.14,4.05,4.12
3263,2013-08-02,4.09,4.1,4.0,4.1
3262,2013-08-01,3.94,4.08,3.93,4.07
3261,2013-07-31,4.08,4.08,3.91,3.92
3260,2013-07-30,4.12,4.23,4.05,4.05
3259,2013-07-29,4.22,4.24,4.1,4.1
3258,2013-07-26,4.24,4.26,4.14,4.23
3257,2013-07-25,4.2,4.295,4.15,4.28
3256,2013-07-24,4.2,4.25,4.16,4.2
3255,2013-07-23,4.24,4.24,4.11,4.2
3254,2013-07-22,4.15,4.23,4.13,4.21
3253,2013-07-19,4.15,4.25,4.15,4.19
3252,2013-07-18,4.25,4.27,4.11,4.16
3251,2013-07-17,4.21,4.26,4.115,4.25
3250,2013-07-16,4.16,4.22,4.0,4.19
3249,2013-07-15,4.09,4.22,4.05,4.17
3248,2013-07-12,4.05,4.115,4.0,4.11
3247,2013-07-11,4.03,4.09,3.97,4.06
3246,2013-07-10,3.91,4.0,3.9,4.0
3245,2013-07-09,3.96,3.96,3.85,3.92
3244,2013-07-08,3.95,3.97,3.84,3.94
3243,2013-07-05,3.82,3.98,3.73,3.95
3242,2013-07-03,3.8,3.8,3.75,3.76
3241,2013-07-02,3.82,3.82,3.75,3.77
3240,2013-07-01,3.95,4.04,3.79,3.82
3239,2013-06-28,4.01,4.06,3.76,3.76
3238,2013-06-27,4.09,4.09,3.98,4.04
3237,2013-06-26,4.1,4.17,4.025,4.06
3236,2013-06-25,4.27,4.29,4.02,4.07
3235,2013-06-24,4.33,4.35,4.215,4.26
3234,2013-06-21,4.26,4.34,4.225,4.32
3233,2013-06-20,4.22,4.28,4.2,4.25
3232,2013-06-19,4.39,4.39,4.24,4.27
3231,2013-06-18,4.35,4.42,4.28,4.4
3230,2013-06-17,4.25,4.33,4.25,4.33
3229,2013-06-14,4.31,4.35,4.23,4.25
3228,2013-06-13,4.35,4.35,4.2,4.33
3227,2013-06-12,4.44,4.48,4.33,4.37
3226,2013-06-11,4.45,4.46,4.38,4.4
3225,2013-06-10,4.37,4.48,4.34,4.48
3224,2013-06-07,4.48,4.53,4.32,4.39
3223,2013-06-06,4.3,4.45,4.25,4.45
3222,2013-06-05,4.36,4.36,4.235,4.3
3221,2013-06-04,4.3,4.37,4.26,4.35
3220,2013-06-03,4.05,4.3,4.03,4.27
3219,2013-05-31,3.99,4.07,3.98,4.05
3218,2013-05-30,4.04,4.0468,3.93,4.0
3217,2013-05-29,4.03,4.1065,3.98,4.01
3216,2013-05-28,4.15,4.15,4.0,4.04
3215,2013-05-24,4.1,4.1,4.03,4.06
3214,2013-05-23,4.02,4.14,4.02,4.11
3213,2013-05-22,4.32,4.34,4.05,4.06
3212,2013-05-21,4.4,4.4,4.29,4.3
3211,2013-05-20,4.33,4.4,4.26,4.37
3210,2013-05-17,4.41,4.41,4.3,4.33
3209,2013-05-16,4.27,4.42,4.27,4.38
3208,2013-05-15,4.16,4.369,4.12,4.3
3207,2013-05-14,4.21,4.21,4.085,4.18
3206,2013-05-13,4.16,4.31,4.15,4.19
3205,2013-05-10,4.37,4.42,4.14,4.18
3204,2013-05-09,4.33,4.38,4.29,4.35
3203,2013-05-08,4.31,4.4201,4.26,4.31
3202,2013-05-07,4.17,4.3899,4.1501,4.31
3201,2013-05-06,4.12,4.19,4.05,4.14
3200,2013-05-03,4.07,4.12,3.98,4.1
3199,2013-05-02,3.88,4.03,3.88,4.01
3198,2013-05-01,3.97,3.99,3.85,3.85
3197,2013-04-30,3.88,4.02,3.86,3.98
3196,2013-04-29,3.87,3.87,3.75,3.84
3195,2013-04-26,3.84,3.85,3.73,3.75
3194,2013-04-25,3.82,4.05,3.82,3.85
3193,2013-04-24,3.75,3.76,3.6,3.64
3192,2013-04-23,3.8,3.94,3.7,3.74
3191,2013-04-22,3.78,3.97,3.745,3.76
3190,2013-04-19,3.92,3.94,3.71,3.76
3189,2013-04-18,3.75,3.9,3.74,3.87
3188,2013-04-17,3.76,3.77,3.72,3.74
3187,2013-04-16,3.79,3.8,3.75,3.78
3186,2013-04-15,3.78,3.88,3.6101,3.76
3185,2013-04-12,3.77,3.86,3.77,3.81
3184,2013-04-11,3.86,3.9088,3.79,3.795
3183,2013-04-10,3.81,3.9,3.8005,3.859
3182,2013-04-09,3.85,3.93,3.78,3.81
3181,2013-04-08,3.92,3.98,3.8,3.83
3180,2013-04-05,3.72,3.98,3.72,3.9
3179,2013-04-04,3.85,3.85,3.75,3.79
3178,2013-04-03,3.91,3.91,3.8,3.83
3177,2013-04-02,3.93,3.9799,3.84,3.89
3176,2013-04-01,4.025,4.025,3.9,3.91
3175,2013-03-28,3.95,3.99,3.91,3.93
3174,2013-03-27,3.94,3.96,3.9,3.92
3173,2013-03-26,3.95,3.99,3.9,3.96
3172,2013-03-25,4.01,4.01,3.8916,3.94
3171,2013-03-22,4.12,4.13,3.96,3.98
3170,2013-03-21,4.01,4.16,4.01,4.09
3169,2013-03-20,4.04,4.33,4.03,4.05
3168,2013-03-19,3.89,4.01,3.88,3.98
3167,2013-03-18,3.86,3.94,3.835,3.89
3166,2013-03-15,3.93,4.0,3.8,3.89
3165,2013-03-14,3.87,3.98,3.86,3.92
3164,2013-03-13,3.83,3.92,3.69,3.84
3163,2013-03-12,3.64,3.83,3.64,3.79
3162,2013-03-11,3.61,3.655,3.6,3.64
3161,2013-03-08,3.67,3.71,3.61,3.62
3160,2013-03-07,3.6,3.67,3.5801,3.62
3159,2013-03-06,3.61,3.67,3.55,3.59
3158,2013-03-05,3.62,3.67,3.595,3.61
3157,2013-03-04,3.66,3.73,3.57,3.61
3156,2013-03-01,3.6,3.75,3.58,3.65
3155,2013-02-28,3.66,3.7,3.63,3.63
3154,2013-02-27,3.61,3.75,3.61,3.64
3153,2013-02-26,3.6,3.7,3.53,3.6
3152,2013-02-25,3.71,3.76,3.6,3.6
3151,2013-02-22,3.71,3.74,3.625,3.65
3150,2013-02-21,3.7,3.77,3.63,3.68
3149,2013-02-20,3.76,3.8,3.67,3.67
3148,2013-02-19,3.82,3.87,3.72,3.77
3147,2013-02-15,3.85,3.9145,3.83,3.84
3146,2013-02-14,3.9,3.96,3.82,3.84
3145,2013-02-13,3.96,3.99,3.9,3.91
3144,2013-02-12,3.96,4.05,3.92,3.94
3143,2013-02-11,4.02,4.025,3.9,3.95
3142,2013-02-08,4.1,4.1,3.95,4.03
3141,2013-02-07,4.4,4.4,3.961,4.03
3140,2013-02-06,4.71,4.76,4.66,4.74
3139,2013-02-05,4.89,4.95,4.73,4.74
3138,2013-02-04,4.95,4.95,4.82,4.88
3137,2013-02-01,4.98,4.98,4.88,4.95
3136,2013-01-31,4.5,5.11,4.46,4.92
3135,2013-01-30,4.43,4.59,4.3,4.49
3134,2013-01-29,4.34,4.48,4.24,4.45
3133,2013-01-28,4.12,4.36,4.12,4.36
3132,2013-01-25,4.17,4.2,4.09,4.12
3131,2013-01-24,4.14,4.24,4.12,4.14
3130,2013-01-23,4.11,4.19,4.1,4.16
3129,2013-01-22,4.1,4.16,4.06,4.1
3128,2013-01-18,4.16,4.2,4.08,4.09
3127,2013-01-17,4.18,4.2,4.13,4.15
3126,2013-01-16,4.15,4.23,4.13,4.15
3125,2013-01-15,4.05,4.24,4.05,4.15
3124,2013-01-14,4.12,4.19,4.06,4.08
3123,2013-01-11,4.11,4.13,4.09,4.1
3122,2013-01-10,4.15,4.15,4.05,4.08
3121,2013-01-09,4.07,4.21,4.05,4.13
3120,2013-01-08,4.12,4.22,4.02,4.05
3119,2013-01-07,4.22,4.22,4.1,4.12
3118,2013-01-04,4.23,4.2798,4.1548,4.21
3117,2013-01-03,4.4,4.42,4.19,4.19
3116,2013-01-02,4.36,4.44,4.3,4.4
3115,2012-12-31,4.12,4.28,4.0901,4.27
3114,2012-12-28,4.19,4.21,4.08,4.1
3113,2012-12-27,4.24,4.3,4.19,4.19
3112,2012-12-26,4.37,4.4,4.25,4.255
3111,2012-12-24,4.38,4.47,4.32,4.35
3110,2012-12-21,4.35,4.4,4.22,4.39
3109,2012-12-20,4.42,4.45,4.3,4.36
3108,2012-12-19,4.41,4.45,4.28,4.44
3107,2012-12-18,4.22,4.43,4.2,4.42
3106,2012-12-17,4.29,4.3,4.13,4.21
3105,2012-12-14,4.22,4.3399,4.15,4.26
3104,2012-12-13,4.15,4.17,4.08,4.1
3103,2012-12-12,4.28,4.28,4.14,4.15
3102,2012-12-11,4.24,4.29,4.18,4.29
3101,2012-12-10,4.18,4.2,4.13,4.19
3100,2012-12-07,4.22,4.28,4.15,4.17
3099,2012-12-06,4.11,4.209,4.11,4.2
3098,2012-12-05,4.37,4.37,4.08,4.15
3097,2012-12-04,4.38,4.4,4.34,4.35
3096,2012-12-03,4.49,4.51,4.385,4.4
3095,2012-11-30,4.59,4.59,4.4,4.47
3094,2012-11-29,4.42,4.65,4.4,4.57
3093,2012-11-28,4.31,4.39,4.26,4.38
3092,2012-11-27,4.35,4.4,4.25,4.34
3091,2012-11-26,4.47,4.48,4.3,4.36
3090,2012-11-23,4.43,4.5,4.41,4.47
3089,2012-11-21,4.34,4.5,4.33,4.39
3088,2012-11-20,4.31,4.4,4.26,4.31
3087,2012-11-19,4.34,4.39,4.265,4.31
3086,2012-11-16,4.22,4.33,4.16,4.27
3085,2012-11-15,4.26,4.31,4.12,4.24
3084,2012-11-14,4.35,4.36,4.21,4.25
3083,2012-11-13,4.29,4.34,4.05,4.33
3082,2012-11-12,4.21,4.37,4.191,4.34
3081,2012-11-09,4.1,4.32,4.1,4.18
3080,2012-11-08,4.24,4.3,4.1,4.1
3079,2012-11-07,4.38,4.4,4.1401,4.23
3078,2012-11-06,4.39,4.47,4.36,4.38
3077,2012-11-05,4.11,4.395,4.11,4.36
3076,2012-11-02,4.11,4.17,4.08,4.1
3075,2012-11-01,4.06,4.14,4.04,4.1
3074,2012-10-31,4.17,4.17,3.975,4.06
3073,2012-10-26,4.23,4.23,4.082,4.15
3072,2012-10-25,4.32,4.39,4.22,4.23
3071,2012-10-24,4.31,4.355,4.19,4.27
3070,2012-10-23,4.12,4.2,4.05,4.14
3069,2012-10-22,4.17,4.19,4.05,4.08
3068,2012-10-19,4.25,4.25,4.1,4.1
3067,2012-10-18,4.34,4.345,4.2,4.22
3066,2012-10-17,4.47,4.47,4.29,4.34
3065,2012-10-16,4.44,4.45,4.37,4.45
3064,2012-10-15,4.6,4.6,4.34,4.42
3063,2012-10-12,4.5,4.6,4.45,4.56
3062,2012-10-11,4.33,4.47,4.26,4.45
3061,2012-10-10,4.25,4.3,4.21,4.29
3060,2012-10-09,4.44,4.46,4.22,4.25
3059,2012-10-08,4.53,4.54,4.39,4.42
3058,2012-10-05,4.46,4.589,4.46,4.54
3057,2012-10-04,4.64,4.64,4.36,4.45
3056,2012-10-03,4.32,4.66,4.32,4.61
3055,2012-10-02,4.37,4.38,4.29,4.33
3054,2012-10-01,4.2,4.39,4.16,4.36
3053,2012-09-28,4.2,4.23,4.13,4.18
3052,2012-09-27,4.16,4.24,4.1,4.23
3051,2012-09-26,4.12,4.18,4.12,4.17
3050,2012-09-25,4.21,4.3,4.11,4.11
3049,2012-09-24,4.2,4.32,4.14,4.19
3048,2012-09-21,4.29,4.36,4.19,4.23
3047,2012-09-20,4.07,4.25,4.0,4.21
3046,2012-09-19,4.1,4.13,4.0501,4.1
3045,2012-09-18,4.02,4.11,3.98,4.1
3044,2012-09-17,3.97,4.04,3.95,4.03
3043,2012-09-14,4.05,4.11,3.98,4.0
3042,2012-09-13,4.03,4.14,3.98,4.0118
3041,2012-09-12,4.02,4.03,3.94,4.01
3040,2012-09-11,4.07,4.09,3.98,4.0
3039,2012-09-10,4.13,4.14,4.06,4.08
3038,2012-09-07,4.15,4.2,4.12,4.14
3037,2012-09-06,4.01,4.13,3.92,4.13
3036,2012-09-05,3.93,4.03,3.83,3.99
3035,2012-09-04,3.83,3.93,3.69,3.9
3034,2012-08-31,3.82,3.82,3.73,3.82
3033,2012-08-30,3.88,3.88,3.779,3.78
3032,2012-08-29,3.96,3.99,3.89,3.91
3031,2012-08-28,4.01,4.02,3.87,3.94
3030,2012-08-27,3.87,4.02,3.83,4.0
3029,2012-08-24,3.77,3.89,3.73,3.85
3028,2012-08-23,3.83,3.87,3.75,3.79
3027,2012-08-22,3.84,3.89,3.8,3.82
3026,2012-08-21,3.77,3.9,3.77,3.83
3025,2012-08-20,3.78,3.8,3.72,3.77
3024,2012-08-17,3.73,3.83,3.65,3.82
3023,2012-08-16,3.76,3.78,3.69,3.75
3022,2012-08-15,3.66,3.78,3.66,3.76
3021,2012-08-14,3.73,3.8,3.67,3.68
3020,2012-08-13,3.74,3.74,3.66,3.69
3019,2012-08-10,3.79,3.79,3.72,3.73
3018,2012-08-09,3.81,3.82,3.7301,3.79
3017,2012-08-08,3.84,3.86,3.8,3.82
3016,2012-08-07,3.81,3.85,3.785,3.83
3015,2012-08-06,3.7,3.82,3.69,3.78
3014,2012-08-03,3.64,3.79,3.61,3.69
3013,2012-08-02,3.68,3.77,3.58,3.6
3012,2012-08-01,3.75,3.81,3.69,3.69
3011,2012-07-31,3.44,3.6,3.43,3.56
3010,2012-07-30,3.4,3.44,3.36,3.42
3009,2012-07-27,3.41,3.47,3.36,3.39
3008,2012-07-26,3.42,3.44,3.36,3.43
3007,2012-07-25,3.41,3.43,3.35,3.38
3006,2012-07-24,3.5,3.5,3.41,3.43
3005,2012-07-23,3.45,3.54,3.45,3.48
3004,2012-07-20,3.46,3.54,3.46,3.5
3003,2012-07-19,3.48,3.52,3.45,3.5
3002,2012-07-18,3.5,3.56,3.43,3.47
3001,2012-07-17,3.51,3.57,3.49,3.52
3000,2012-07-16,3.57,3.57,3.5,3.5
2999,2012-07-13,3.56,3.58,3.56,3.57
2998,2012-07-12,3.57,3.62,3.54,3.56
2997,2012-07-11,3.64,3.64,3.56,3.6
2996,2012-07-10,3.7,3.7,3.6,3.62
2995,2012-07-09,3.68,3.68,3.59,3.67
2994,2012-07-06,3.65,3.7,3.64,3.65
2993,2012-07-05,3.69,3.7499,3.66,3.69
2992,2012-07-03,3.71,3.739,3.65,3.7
2991,2012-07-02,3.75,3.76,3.64,3.7
2990,2012-06-29,3.78,3.84,3.7099,3.76
2989,2012-06-28,3.67,3.74,3.5901,3.71
2988,2012-06-27,3.58,3.73,3.5678,3.71
2987,2012-06-26,3.52,3.56,3.49,3.55
2986,2012-06-25,3.51,3.57,3.49,3.51
2985,2012-06-22,3.57,3.62,3.51,3.56
2984,2012-06-21,3.65,3.7,3.5,3.54
2983,2012-06-20,3.71,3.74,3.63,3.64
2982,2012-06-19,3.73,3.78,3.7,3.72
2981,2012-06-18,3.73,3.82,3.7,3.71
2980,2012-06-15,3.62,3.785,3.6,3.76
2979,2012-06-14,3.52,3.65,3.52,3.64
2978,2012-06-13,3.58,3.62,3.5,3.53
2977,2012-06-12,3.53,3.58,3.49,3.57
2976,2012-06-11,3.65,3.65,3.5,3.54
2975,2012-06-08,3.5,3.64,3.5,3.61
2974,2012-06-07,3.66,3.66,3.54,3.56
2973,2012-06-06,3.55,3.687,3.5,3.63
2972,2012-06-05,3.47,3.55,3.46,3.53
2971,2012-06-04,3.46,3.52,3.43,3.51
2970,2012-06-01,3.53,3.53,3.39,3.43
2969,2012-05-31,3.57,3.63,3.44,3.59
2968,2012-05-30,3.52,3.68,3.52,3.57
2967,2012-05-29,3.63,3.66,3.52,3.55
2966,2012-05-25,3.57,3.65,3.55,3.58
2965,2012-05-24,3.6,3.62,3.49,3.59
2964,2012-05-23,3.5,3.63,3.46,3.6
2963,2012-05-22,3.55,3.58,3.49,3.51
2962,2012-05-21,3.59,3.59,3.5,3.57
2961,2012-05-18,3.54,3.59,3.51,3.56
2960,2012-05-17,3.6,3.61,3.55,3.56
2959,2012-05-16,3.68,3.69,3.6,3.6
2958,2012-05-15,3.66,3.72,3.61,3.68
2957,2012-05-14,3.68,3.75,3.65,3.65
2956,2012-05-11,3.85,3.93,3.71,3.72
2955,2012-05-10,3.83,3.93,3.83,3.89
2954,2012-05-09,3.72,3.82,3.69,3.79
2953,2012-05-08,3.68,3.77,3.65,3.76
2952,2012-05-07,3.68,3.74,3.66,3.71
2951,2012-05-04,3.75,3.75,3.68,3.7
2950,2012-05-03,3.74,3.79,3.7394,3.78
2949,2012-05-02,3.64,3.76,3.64,3.73
2948,2012-05-01,3.5,3.79,3.5,3.68
2947,2012-04-30,3.61,3.61,3.49,3.5
2946,2012-04-27,3.71,3.71,3.45,3.62
2945,2012-04-26,3.61,3.77,3.58,3.69
2944,2012-04-25,3.55,3.65,3.5,3.64
2943,2012-04-24,3.49,3.51,3.46,3.5
2942,2012-04-23,3.5,3.51,3.42,3.48
2941,2012-04-20,3.58,3.58,3.49,3.56
2940,2012-04-19,3.53,3.58,3.5,3.52
2939,2012-04-18,3.55,3.595,3.5,3.54
2938,2012-04-17,3.63,3.64,3.57,3.58
2937,2012-04-16,3.65,3.65,3.5099,3.6
2936,2012-04-13,3.67,3.67,3.62,3.65
2935,2012-04-12,3.51,3.71,3.5,3.69
2934,2012-04-11,3.54,3.54,3.49,3.5
2933,2012-04-10,3.51,3.59,3.46,3.5
2932,2012-04-09,3.49,3.51,3.44,3.5
2931,2012-04-05,3.56,3.57,3.51,3.52
2930,2012-04-04,3.68,3.68,3.56,3.58
2929,2012-04-03,3.68,3.77,3.66,3.69
2928,2012-04-02,3.68,3.74,3.65,3.69
2927,2012-03-30,3.76,3.78,3.69,3.7
2926,2012-03-29,3.68,3.74,3.65,3.73
2925,2012-03-28,3.68,3.73,3.62,3.71
2924,2012-03-27,3.76,3.76,3.64,3.69
2923,2012-03-26,3.75,3.82,3.68,3.76
2922,2012-03-23,3.64,3.71,3.61,3.71
2921,2012-03-22,3.67,3.75,3.5875,3.63
2920,2012-03-21,3.72,3.75,3.66,3.69
2919,2012-03-20,3.73,3.76,3.66,3.7
2918,2012-03-19,3.71,3.86,3.68,3.77
2917,2012-03-16,3.71,3.73,3.655,3.72
2916,2012-03-15,3.72,3.73,3.63,3.71
2915,2012-03-14,3.82,3.82,3.7,3.71
2914,2012-03-13,3.75,3.84,3.7,3.82
2913,2012-03-12,3.74,3.79,3.7,3.73
2912,2012-03-09,3.8,3.85,3.7,3.73
2911,2012-03-08,3.75,3.84,3.7,3.8
2910,2012-03-07,3.715,3.73,3.68,3.72
2909,2012-03-06,3.75,3.7955,3.69,3.71
2908,2012-03-05,3.79,3.86,3.75,3.8
2907,2012-03-02,3.8,3.8201,3.76,3.8
2906,2012-03-01,3.71,3.84,3.71,3.8
2905,2012-02-29,3.76,3.7899,3.64,3.7
2904,2012-02-28,3.77,3.81,3.75,3.76
2903,2012-02-27,3.8,3.82,3.75,3.79
2902,2012-02-24,3.82,3.84,3.78,3.82
2901,2012-02-23,3.84,3.8901,3.77,3.83
2900,2012-02-22,3.94,3.97,3.85,3.85
2899,2012-02-21,4.04,4.04,3.94,3.95
2898,2012-02-17,4.07,4.07,3.92,4.06
2897,2012-02-16,3.88,4.1,3.86,4.05
2896,2012-02-15,3.97,4.03,3.86,3.87
2895,2012-02-14,4.07,4.07,3.9,3.95
2894,2012-02-13,4.08,4.18,4.03,4.08
2893,2012-02-10,3.98,4.06,3.93,4.01
2892,2012-02-09,4.11,4.11,3.96,4.02
2891,2012-02-08,4.0,4.1,3.99,4.09
2890,2012-02-07,3.84,4.05,3.81,4.0
2889,2012-02-06,4.02,4.02,3.85,3.85
2888,2012-02-03,3.87,4.07,3.82,4.04
2887,2012-02-02,3.72,3.8,3.58,3.79
2886,2012-02-01,3.48,3.7,3.45,3.68
2885,2012-01-31,3.93,3.93,3.29,3.45
2884,2012-01-30,3.97,4.0,3.86,3.99
2883,2012-01-27,4.05,4.05,3.95,4.0
2882,2012-01-26,3.95,4.0901,3.86,4.08
2881,2012-01-25,3.8,3.95,3.75,3.93
2880,2012-01-24,4.02,4.03,3.765,3.78
2879,2012-01-23,4.19,4.19,3.98,4.03
2878,2012-01-20,4.21,4.22,4.11,4.18
2877,2012-01-19,4.28,4.28,4.16,4.23
2876,2012-01-18,4.2,4.31,4.15,4.28
2875,2012-01-17,4.21,4.33,4.19,4.22
2874,2012-01-13,4.16,4.23,4.1,4.19
2873,2012-01-12,4.23,4.25,4.16,4.2
2872,2012-01-11,4.35,4.35,4.23,4.24
2871,2012-01-10,4.07,4.4,4.05,4.35
2870,2012-01-09,4.41,4.43,4.22,4.25
2869,2012-01-06,4.48,4.53,4.35,4.41
2868,2012-01-05,4.25,4.47,4.2,4.47
2867,2012-01-04,4.1,4.34,4.1,4.25
2866,2012-01-03,4.54,4.55,4.1,4.13
2865,2011-12-30,4.48,4.56,4.42,4.44
2864,2011-12-29,4.54,4.57,4.45,4.49
2863,2011-12-28,4.61,4.61,4.51,4.52
2862,2011-12-27,4.65,4.74,4.55,4.63
2861,2011-12-23,4.72,4.7388,4.62,4.64
2860,2011-12-22,4.66,4.7,4.6,4.68
2859,2011-12-21,4.6,4.66,4.47,4.64
2858,2011-12-20,4.49,4.69,4.49,4.62
2857,2011-12-19,4.7,4.7,4.39,4.4
2856,2011-12-16,4.62,4.7,4.57,4.68
2855,2011-12-15,4.63,4.79,4.4904,4.58
2854,2011-12-14,4.54,4.63,4.504,4.58
2853,2011-12-13,4.55,4.76,4.28,4.54
2852,2011-12-12,4.62,4.62,4.42,4.5
2851,2011-12-09,4.4,4.69,4.28,4.67
2850,2011-12-08,4.3,4.49,4.19,4.37
2849,2011-12-07,4.34,4.39,4.27,4.36
2848,2011-12-06,4.41,4.41,4.25,4.38
2847,2011-12-05,4.33,4.42,4.3,4.42
2846,2011-12-02,4.44,4.48,4.24,4.27
2845,2011-12-01,4.25,4.3999,4.22,4.37
2844,2011-11-30,4.5,4.5,4.11,4.27
2843,2011-11-29,4.1,4.35,4.02,4.34
2842,2011-11-28,3.99,4.15,3.95,4.11
2841,2011-11-25,3.99,4.03,3.88,3.9
2840,2011-11-23,4.25,4.25,4.0,4.0
2839,2011-11-22,4.16,4.31,4.16,4.25
2838,2011-11-21,4.26,4.26,4.03,4.14
2837,2011-11-18,4.24,4.33,4.22,4.3
2836,2011-11-17,4.43,4.48,4.19,4.21
2835,2011-11-16,4.31,4.5,4.25,4.4
2834,2011-11-15,4.39,4.41,4.25,4.32
2833,2011-11-14,4.49,4.51,4.33,4.41
2832,2011-11-11,4.49,4.5,4.45,4.49
2831,2011-11-10,4.53,4.55,4.35,4.46
2830,2011-11-09,4.43,4.54,4.375,4.48
2829,2011-11-08,4.6,4.7,4.49,4.52
2828,2011-11-07,4.51,4.64,4.4,4.58
2827,2011-11-04,4.64,4.68,4.45,4.51
2826,2011-11-03,4.69,4.73,4.5,4.7
2825,2011-11-02,4.56,4.7,4.47,4.67
2824,2011-11-01,4.35,4.63,4.21,4.48
2823,2011-10-31,4.16,4.5699,4.03,4.49
2822,2011-10-28,4.19,4.3,4.1399,4.22
2821,2011-10-27,4.0,4.21,3.7601,4.2
2820,2011-10-26,3.7,3.82,3.62,3.76
2819,2011-10-25,3.74,3.79,3.5,3.66
2818,2011-10-24,3.82,3.98,3.75,3.77
2817,2011-10-21,3.75,3.84,3.68,3.82
2816,2011-10-20,3.75,3.76,3.61,3.67
2815,2011-10-19,3.75,3.83,3.71,3.74
2814,2011-10-18,3.64,3.75,3.595,3.75
2813,2011-10-17,3.72,3.72,3.54,3.62
2812,2011-10-14,3.74,3.74,3.6,3.74
2811,2011-10-13,3.53,3.72,3.475,3.69
2810,2011-10-12,3.48,3.59,3.4473,3.56
2809,2011-10-11,3.44,3.48,3.41,3.44
2808,2011-10-10,3.4,3.46,3.33,3.45
2807,2011-10-07,3.45,3.5,3.24,3.32
2806,2011-10-06,3.42,3.46,3.4,3.45
2805,2011-10-05,3.47,3.47,3.33,3.43
2804,2011-10-04,3.2,3.54,2.82,3.45
2803,2011-10-03,3.29,3.3701,3.21,3.21
2802,2011-09-30,3.4,3.421,3.29,3.29
2801,2011-09-29,3.49,3.54,3.29,3.45
2800,2011-09-28,3.62,3.62,3.4,3.4
2799,2011-09-27,3.68,3.68,3.58,3.64
2798,2011-09-26,3.67,3.68,3.5,3.59
2797,2011-09-23,3.49,3.67,3.49,3.64
2796,2011-09-22,3.45,3.52,3.25,3.49
2795,2011-09-21,3.5,3.64,3.5,3.57
2794,2011-09-20,3.42,3.53,3.413,3.51
2793,2011-09-19,3.41,3.48,3.39,3.45
2792,2011-09-16,3.43,3.5,3.38,3.49
2791,2011-09-15,3.34,3.4207,3.31,3.4
2790,2011-09-14,3.18,3.36,3.1,3.32
2789,2011-09-13,3.09,3.16,3.07,3.15
2788,2011-09-12,3.11,3.18,3.04,3.09
2787,2011-09-09,3.29,3.33,3.1,3.17
2786,2011-09-08,3.36,3.42,3.28,3.34
2785,2011-09-07,3.3,3.39,3.26,3.38
2784,2011-09-06,3.13,3.37,3.12,3.24
2783,2011-09-02,3.25,3.355,3.2,3.22
2782,2011-09-01,3.36,3.44,3.3,3.32
2781,2011-08-31,3.5,3.5,3.32,3.36
2780,2011-08-30,3.48,3.5,3.29,3.49
2779,2011-08-29,3.33,3.51,3.32,3.48
2778,2011-08-26,3.19,3.36,3.15,3.31
2777,2011-08-25,3.42,3.43,3.2,3.21
2776,2011-08-24,3.45,3.46,3.27,3.39
2775,2011-08-23,3.3,3.47,3.16,3.44
2774,2011-08-22,3.77,3.82,3.24,3.26
2773,2011-08-19,3.51,3.75,3.4534,3.65
2772,2011-08-18,3.4,3.6,3.36,3.57
2771,2011-08-17,3.38,3.6,3.35,3.53
2770,2011-08-16,3.43,3.48,3.3,3.38
2769,2011-08-15,3.39,3.55,3.36,3.46
2768,2011-08-12,3.17,3.42,3.1401,3.36
2767,2011-08-11,3.12,3.18,3.04,3.16
2766,2011-08-10,3.3,3.38,3.1,3.12
2765,2011-08-09,3.25,3.4,2.98,3.4
2764,2011-08-08,3.34,3.4,3.15,3.16
2763,2011-08-05,3.38,3.51,3.25,3.43
2762,2011-08-04,3.45,3.53,3.34,3.34
2761,2011-08-03,3.48,3.57,3.37,3.5
2760,2011-08-02,3.33,3.51,3.33,3.45
2759,2011-08-01,3.36,3.38,3.27,3.33
2758,2011-07-29,3.32,3.37,3.23,3.29
2757,2011-07-28,3.11,3.34,3.11,3.24
2756,2011-07-27,3.08,3.12,2.96,2.98
2755,2011-07-26,3.15,3.17,3.1,3.11
2754,2011-07-25,3.12,3.24,3.09,3.14
2753,2011-07-22,3.11,3.17,3.1,3.14
2752,2011-07-21,3.11,3.14,3.06,3.11
2751,2011-07-20,3.07,3.1,3.02,3.09
2750,2011-07-19,3.1,3.14,3.05,3.07
2749,2011-07-18,3.12,3.14,3.08,3.08
2748,2011-07-15,3.1,3.25,3.09,3.09
2747,2011-07-14,3.15,3.15,3.06,3.1
2746,2011-07-13,3.15,3.17,3.12,3.15
2745,2011-07-12,3.1,3.18,3.08,3.13
2744,2011-07-11,3.05,3.17,3.0,3.08
2743,2011-07-08,2.95,3.09,2.92,3.07
2742,2011-07-07,2.9,3.02,2.88,2.99
2741,2011-07-06,2.91,2.92,2.87,2.88
2740,2011-07-05,2.86,2.91,2.85,2.9
2739,2011-07-01,2.8,2.86,2.72,2.84
2738,2011-06-30,2.77,2.77,2.71,2.71
2737,2011-06-29,2.81,2.86,2.73,2.75
2736,2011-06-28,2.89,2.92,2.8,2.819
2735,2011-06-27,2.85,2.93,2.85,2.88
2734,2011-06-24,2.89,2.95,2.84,2.87
2733,2011-06-23,2.96,3.0,2.81,2.89
2732,2011-06-22,2.81,2.9299,2.74,2.84
2731,2011-06-21,2.72,2.89,2.65,2.84
2730,2011-06-20,2.67,2.7,2.66,2.69
2729,2011-06-17,2.67,2.7,2.54,2.67
2728,2011-06-16,2.66,2.72,2.65,2.65
2727,2011-06-15,2.76,2.78,2.645,2.66
2726,2011-06-14,2.82,2.87,2.78,2.8
2725,2011-06-13,2.83,2.84,2.76,2.79
2724,2011-06-10,2.87,2.89,2.75,2.83
2723,2011-06-09,2.88,2.95,2.85,2.9
2722,2011-06-08,2.9,2.94,2.84,2.86
2721,2011-06-07,2.93,3.0,2.89,2.9
2720,2011-06-06,2.89,2.94,2.89,2.9
2719,2011-06-03,2.91,3.0,2.9,2.9
2718,2011-06-02,2.9,2.99,2.9,2.95
2717,2011-06-01,3.05,3.18,2.91,2.91
2716,2011-05-31,3.05,3.07,2.97,3.05
2715,2011-05-27,2.99,3.02,2.98,3.01
2714,2011-05-26,2.91,3.0,2.91,2.98
2713,2011-05-25,2.85,2.98,2.85,2.91
2712,2011-05-24,2.87,2.9,2.85,2.86
2711,2011-05-23,2.8,2.91,2.8,2.87
2710,2011-05-20,2.91,2.91,2.8,2.84
2709,2011-05-19,2.96,2.98,2.84,2.94
2708,2011-05-18,2.81,3.0,2.77,2.93
2707,2011-05-17,2.63,2.89,2.63,2.81
2706,2011-05-16,2.58,2.73,2.58,2.63
2705,2011-05-13,2.64,2.69,2.575,2.6
2704,2011-05-12,2.56,2.66,2.56,2.63
2703,2011-05-11,2.62,2.69,2.58,2.58
2702,2011-05-10,2.65,2.68,2.6,2.62
2701,2011-05-09,2.69,2.69,2.64,2.65
2700,2011-05-06,2.78,2.824,2.7,2.71
2699,2011-05-05,2.6,2.78,2.54,2.74
2698,2011-05-04,2.68,2.71,2.6,2.64
2697,2011-05-03,2.75,2.84,2.65,2.67
2696,2011-05-02,2.9,2.97,2.76,2.76
2695,2011-04-29,2.96,3.06,2.85,2.9
2694,2011-04-28,3.0,3.05,2.87,3.02
2693,2011-04-27,2.85,2.98,2.82,2.95
2692,2011-04-26,2.78,2.92,2.78,2.86
2691,2011-04-25,2.8,2.86,2.75,2.78
2690,2011-04-21,2.84,2.85,2.79,2.8
2689,2011-04-20,2.81,2.82,2.75,2.81
2688,2011-04-19,2.8,2.83,2.75,2.78
2687,2011-04-18,2.73,2.79,2.73,2.77
2686,2011-04-15,2.75,2.79,2.7,2.78
2685,2011-04-14,2.72,2.79,2.71,2.76
2684,2011-04-13,2.76,2.85,2.71,2.76
2683,2011-04-12,2.77,2.82,2.735,2.75
2682,2011-04-11,2.73,2.84,2.72,2.79
2681,2011-04-08,2.86,2.86,2.71,2.74
2680,2011-04-07,2.85,2.9,2.825,2.83
2679,2011-04-06,2.85,2.875,2.82,2.86
2678,2011-04-05,2.82,2.87,2.79,2.85
2677,2011-04-04,2.8,2.88,2.77,2.84
2676,2011-04-01,2.89,2.9,2.74,2.8
2675,2011-03-31,2.82,2.88,2.77,2.86
2674,2011-03-30,2.79,2.9,2.79,2.84
2673,2011-03-29,2.73,2.82,2.653,2.8
2672,2011-03-28,2.86,2.86,2.66,2.72
2671,2011-03-25,2.91,2.91,2.8,2.86
2670,2011-03-24,2.85,2.9,2.79,2.89
2669,2011-03-23,2.83,2.85,2.7,2.82
2668,2011-03-22,2.75,2.85,2.73,2.83
2667,2011-03-21,2.76,2.76,2.69,2.76
2666,2011-03-18,2.75,2.77,2.67,2.73
2665,2011-03-17,2.69,2.77,2.6197,2.73
2664,2011-03-16,2.55,2.65,2.55,2.63
2663,2011-03-15,2.55,2.6,2.55,2.55
2662,2011-03-14,2.65,2.68,2.56,2.61
2661,2011-03-11,2.69,2.74,2.66,2.68
2660,2011-03-10,2.75,2.81,2.66,2.7
2659,2011-03-09,2.7,2.95,2.68,2.8
2658,2011-03-08,2.61,2.7,2.58,2.69
2657,2011-03-07,2.58,2.62,2.55,2.62
2656,2011-03-04,2.68,2.7,2.55,2.58
2655,2011-03-03,2.71,2.81,2.65,2.69
2654,2011-03-02,2.66,2.68,2.6001,2.67
2653,2011-03-01,2.69,2.7,2.65,2.67
2652,2011-02-28,2.67,2.69,2.63,2.69
2651,2011-02-25,2.62,2.7,2.6,2.65
2650,2011-02-24,2.61,2.72,2.61,2.62
2649,2011-02-23,2.58,2.67,2.58,2.6
2648,2011-02-22,2.67,2.7,2.55,2.58
2647,2011-02-18,2.73,2.74,2.67,2.71
2646,2011-02-17,2.64,2.72,2.57,2.7
2645,2011-02-16,2.56,2.64,2.52,2.63
2644,2011-02-15,2.55,2.61,2.54,2.56
2643,2011-02-14,2.6,2.64,2.54,2.55
2642,2011-02-11,2.54,2.64,2.5,2.59
2641,2011-02-10,2.58,2.605,2.5,2.57
2640,2011-02-09,2.63,2.63,2.52,2.59
2639,2011-02-08,2.63,2.67,2.59,2.65
2638,2011-02-07,2.62,2.68,2.6,2.65
2637,2011-02-04,2.61,2.75,2.6,2.62
2636,2011-02-03,2.52,2.702,2.52,2.61
2635,2011-02-02,2.69,2.73,2.6,2.62
2634,2011-02-01,2.69,2.76,2.66,2.71
2633,2011-01-31,2.6,2.78,2.52,2.68
2632,2011-01-28,2.69,2.7,2.55,2.59
2631,2011-01-27,2.73,2.74,2.68,2.7
2630,2011-01-26,2.83,2.84,2.71,2.74
2629,2011-01-25,2.64,2.81,2.6,2.8
2628,2011-01-24,2.46,2.67,2.46,2.645
2627,2011-01-21,2.46,2.53,2.4,2.44
2626,2011-01-20,2.45,2.54,2.4,2.45
2625,2011-01-19,2.67,2.69,2.45,2.45
2624,2011-01-18,2.73,2.8,2.65,2.67
2623,2011-01-14,2.79,2.84,2.72,2.74
2622,2011-01-13,2.8,2.89,2.79,2.79
2621,2011-01-12,2.87,2.87,2.8,2.81
2620,2011-01-11,2.76,2.89,2.74,2.85
2619,2011-01-10,2.7,2.8,2.6999,2.75
2618,2011-01-07,2.73,2.73,2.6,2.72
2617,2011-01-06,2.76,2.839,2.68,2.71
2616,2011-01-05,2.76,2.81,2.74,2.76
2615,2011-01-04,2.82,2.84,2.76,2.76
2614,2011-01-03,2.71,2.84,2.7006,2.82
2613,2010-12-31,2.71,2.72,2.65,2.67
2612,2010-12-30,2.7,2.77,2.65,2.71
2611,2010-12-29,2.58,2.74,2.58,2.7
2610,2010-12-28,2.59,2.63,2.53,2.58
2609,2010-12-27,2.59,2.66,2.5801,2.6
2608,2010-12-23,2.65,2.7025,2.55,2.585
2607,2010-12-22,2.65,2.7,2.58,2.65
2606,2010-12-21,2.7,2.72,2.63,2.65
2605,2010-12-20,2.71,2.75,2.68,2.68
2604,2010-12-17,2.72,2.74,2.7,2.72
2603,2010-12-16,2.7,2.8201,2.6801,2.72
2602,2010-12-15,2.72,2.755,2.67,2.7
2601,2010-12-14,2.7,2.75,2.65,2.73
2600,2010-12-13,2.7,2.75,2.68,2.7
2599,2010-12-10,2.7,2.73,2.65,2.7
2598,2010-12-09,2.73,2.73,2.67,2.7
2597,2010-12-08,2.72,2.73,2.64,2.7
2596,2010-12-07,2.64,2.72,2.53,2.7
2595,2010-12-06,2.62,2.67,2.59,2.62
2594,2010-12-03,2.7,2.73,2.58,2.63
2593,2010-12-02,2.74,2.75,2.64,2.72
2592,2010-12-01,2.75,2.8,2.66,2.73
2591,2010-11-30,2.71,2.76,2.66,2.71
2590,2010-11-29,2.68,2.75,2.59,2.73
2589,2010-11-26,2.73,2.75,2.68,2.7
2588,2010-11-24,2.63,2.8299,2.57,2.75
2587,2010-11-23,2.55,2.63,2.55,2.62
2586,2010-11-22,2.47,2.57,2.46,2.57
2585,2010-11-19,2.5,2.54,2.41,2.49
2584,2010-11-18,2.53,2.57,2.45,2.49
2583,2010-11-17,2.42,2.51,2.37,2.49
2582,2010-11-16,2.5,2.51,2.39,2.41
2581,2010-11-15,2.48,2.56,2.45,2.5025
2580,2010-11-12,2.44,2.51,2.43,2.46
2579,2010-11-11,2.48,2.55,2.45,2.46
2578,2010-11-10,2.48,2.53,2.39,2.51
2577,2010-11-09,2.56,2.57,2.48,2.48
2576,2010-11-08,2.52,2.609,2.48,2.56
2575,2010-11-05,2.39,2.58,2.39,2.57
2574,2010-11-04,2.33,2.45,2.27,2.38
2573,2010-11-03,2.33,2.37,2.26,2.28
2572,2010-11-02,2.41,2.43,2.31,2.33
2571,2010-11-01,2.44,2.5,2.35,2.37
2570,2010-10-29,2.51,2.52,2.44,2.47
2569,2010-10-28,2.58,2.58,2.47,2.52
2568,2010-10-27,2.5,2.57,2.42,2.55
2567,2010-10-26,2.54,2.6,2.48,2.52
2566,2010-10-25,2.61,2.72,2.53,2.55
2565,2010-10-22,2.62,2.62,2.57,2.6
2564,2010-10-21,2.72,2.78,2.61,2.62
2563,2010-10-20,2.72,2.73,2.68,2.7
2562,2010-10-19,2.8,2.8699,2.67,2.69
2561,2010-10-18,2.76,2.86,2.72,2.86
2560,2010-10-15,2.79,2.87,2.73,2.74
2559,2010-10-14,2.71,2.76,2.6501,2.75
2558,2010-10-13,2.6,2.74,2.57,2.7
2557,2010-10-12,2.58,2.64,2.5399,2.59
2556,2010-10-11,2.62,2.64,2.57,2.59
2555,2010-10-08,2.46,2.65,2.43,2.63
2554,2010-10-07,2.53,2.55,2.46,2.47
2553,2010-10-06,2.53,2.56,2.45,2.51
2552,2010-10-05,2.52,2.67,2.47,2.53
2551,2010-10-04,2.62,2.63,2.48,2.48
2550,2010-10-01,2.64,2.6595,2.5,2.64
2549,2010-09-30,2.52,2.7,2.49,2.63
2548,2010-09-29,2.51,2.52,2.47,2.51
2547,2010-09-28,2.49,2.54,2.38,2.54
2546,2010-09-27,2.56,2.56,2.45,2.48
2545,2010-09-24,2.5,2.56,2.45,2.56
2544,2010-09-23,2.44,2.49,2.38,2.46
2543,2010-09-22,2.69,2.73,2.46,2.46
2542,2010-09-21,2.71,2.77,2.6,2.7
2541,2010-09-20,2.6,2.68,2.54,2.67
2540,2010-09-17,2.49,2.61,2.39,2.61
2539,2010-09-16,2.35,2.5,2.3275,2.46
2538,2010-09-15,2.33,2.38,2.26,2.375
2537,2010-09-14,2.37,2.45,2.29,2.34
2536,2010-09-13,2.28,2.43,2.28,2.38
2535,2010-09-10,2.21,2.27,2.17,2.25
2534,2010-09-09,2.15,2.25,2.11,2.2
2533,2010-09-08,2.15,2.27,2.1,2.11
2532,2010-09-07,2.3,2.4,2.25,2.25
2531,2010-09-03,2.29,2.34,2.19,2.32
2530,2010-09-02,2.2,2.25,2.13,2.25
2529,2010-09-01,2.21,2.21,2.17,2.19
2528,2010-08-31,2.08,2.16,2.02,2.12
2527,2010-08-30,2.18,2.19,2.09,2.09
2526,2010-08-27,2.2,2.25,2.02,2.2
2525,2010-08-26,2.25,2.3,2.16,2.17
2524,2010-08-25,2.23,2.27,2.19,2.25
2523,2010-08-24,2.27,2.34,2.16,2.23
2522,2010-08-23,2.33,2.4,2.26,2.31
2521,2010-08-20,2.28,2.37,2.221,2.32
2520,2010-08-19,2.34,2.42,2.24,2.25
2519,2010-08-18,2.42,2.42,2.35,2.36
2518,2010-08-17,2.55,2.57,2.29,2.43
2517,2010-08-16,2.45,2.64,2.45,2.6
2516,2010-08-13,2.52,2.61,2.41,2.49
2515,2010-08-12,2.46,2.56,2.45,2.56
2514,2010-08-11,2.5,2.53,2.49,2.51
2513,2010-08-10,2.55,2.63,2.45,2.55
2512,2010-08-09,2.7,2.7,2.54,2.58
2511,2010-08-06,2.55,2.71,2.53,2.66
2510,2010-08-05,2.71,2.73,2.55,2.6
2509,2010-08-04,3.0,3.0,2.68,2.72
2508,2010-08-03,2.95,2.979,2.88,2.96
2507,2010-08-02,2.94,3.0,2.9,2.97
2506,2010-07-30,2.91,3.0,2.88,2.89
2505,2010-07-29,2.99,3.02,2.9,2.97
2504,2010-07-28,2.98,3.02,2.95,2.97
2503,2010-07-27,2.98,3.04,2.95,3.02
2502,2010-07-26,2.86,2.95,2.86,2.95
2501,2010-07-23,2.77,2.86,2.76,2.86
2500,2010-07-22,2.7,2.8,2.69,2.8
2499,2010-07-21,2.8,2.83,2.65,2.65
2498,2010-07-20,2.67,2.83,2.65,2.81
2497,2010-07-19,2.8,2.84,2.69,2.71
2496,2010-07-16,2.86,2.88,2.78,2.8
2495,2010-07-15,2.88,2.9,2.82,2.88
2494,2010-07-14,2.95,2.98,2.86,2.88
2493,2010-07-13,2.91,3.0,2.88,2.98
2492,2010-07-12,2.91,2.96,2.83,2.85
2491,2010-07-09,2.94,2.94,2.89,2.93
2490,2010-07-08,2.94,3.03,2.88,2.94
2489,2010-07-07,2.84,2.93,2.81,2.91
2488,2010-07-06,2.93,2.9699,2.81,2.81
2487,2010-07-02,2.91,2.97,2.86,2.9
2486,2010-07-01,2.92,2.96,2.8,2.88
2485,2010-06-30,2.93,3.07,2.9101,2.93
2484,2010-06-29,3.03,3.03,2.86,2.92
2483,2010-06-28,3.22,3.22,3.05,3.07
2482,2010-06-25,3.11,3.3,3.07,3.28
2481,2010-06-24,3.1,3.13,3.05,3.1
2480,2010-06-23,3.15,3.17,3.08,3.13
2479,2010-06-22,3.22,3.27,3.15,3.16
2478,2010-06-21,3.26,3.33,3.18,3.2
2477,2010-06-18,3.25,3.25,3.17,3.2
2476,2010-06-17,3.27,3.29,3.17,3.25
2475,2010-06-16,3.16,3.26,3.16,3.24
2474,2010-06-15,3.28,3.28,3.15,3.17
2473,2010-06-14,3.28,3.28,3.21,3.24
2472,2010-06-11,3.19,3.255,3.19,3.25
2471,2010-06-10,3.26,3.27,3.15,3.25
2470,2010-06-09,3.27,3.27,3.15,3.19
2469,2010-06-08,3.23,3.29,3.13,3.23
2468,2010-06-07,3.31,3.43,3.185,3.2
2467,2010-06-04,3.46,3.47,3.3,3.3
2466,2010-06-03,3.51,3.59,3.43,3.57
2465,2010-06-02,3.35,3.53,3.31,3.53
2464,2010-06-01,3.52,3.52,3.34,3.34
2463,2010-05-28,3.57,3.63,3.52,3.56
2462,2010-05-27,3.56,3.62,3.41,3.57
2461,2010-05-26,3.37,3.61,3.37,3.48
2460,2010-05-25,3.18,3.36,3.15,3.35
2459,2010-05-24,3.23,3.33,3.21,3.26
2458,2010-05-21,3.22,3.3,3.1,3.22
2457,2010-05-20,3.54,3.55,3.23,3.27
2456,2010-05-19,3.81,3.8525,3.6,3.63
2455,2010-05-18,3.91,3.91,3.79,3.81
2454,2010-05-17,3.71,3.93,3.71,3.85
2453,2010-05-14,3.88,3.9,3.65,3.67
2452,2010-05-13,4.0,4.01,3.89,3.94
2451,2010-05-12,3.86,4.08,3.83,4.03
2450,2010-05-11,3.76,3.9301,3.72,3.86
2449,2010-05-10,3.83,3.87,3.66,3.82
2448,2010-05-07,3.63,3.76,3.46,3.6
2447,2010-05-06,3.75,3.78,3.5,3.63
2446,2010-05-05,3.69,3.88,3.6,3.75
2445,2010-05-04,3.82,3.83,3.75,3.8
2444,2010-05-03,3.8,3.9,3.75,3.9
2443,2010-04-30,3.88,3.92,3.8,3.83
2442,2010-04-29,3.63,3.9,3.6,3.89
2441,2010-04-28,4.0,4.03,3.45,3.61
2440,2010-04-27,4.18,4.25,4.0,4.01
2439,2010-04-26,4.35,4.4,4.17,4.22
2438,2010-04-23,4.26,4.35,4.22,4.35
2437,2010-04-22,4.23,4.3,4.21,4.28
2436,2010-04-21,4.29,4.31,4.21,4.27
2435,2010-04-20,4.35,4.36,4.26,4.3
2434,2010-04-19,4.19,4.2999,4.19,4.26
2433,2010-04-16,4.35,4.35,4.17,4.18
2432,2010-04-15,4.44,4.44,4.3,4.35
2431,2010-04-14,4.34,4.46,4.33,4.44
2430,2010-04-13,4.27,4.34,4.22,4.32
2429,2010-04-12,4.29,4.3525,4.25,4.29
2428,2010-04-09,4.39,4.39,4.25,4.29
2427,2010-04-08,4.22,4.31,4.1701,4.29
2426,2010-04-07,4.4,4.42,4.17,4.24
2425,2010-04-06,4.54,4.59,4.381,4.42
2424,2010-04-05,4.39,4.54,4.35,4.54
2423,2010-04-01,4.34,4.39,4.2,4.36
2422,2010-03-31,4.41,4.48,4.3,4.33
2421,2010-03-30,4.28,4.44,4.27,4.44
2420,2010-03-29,4.26,4.29,4.17,4.26
2419,2010-03-26,4.24,4.29,4.19,4.25
2418,2010-03-25,4.22,4.35,4.2,4.21
2417,2010-03-24,4.26,4.35,4.2,4.2
2416,2010-03-23,4.28,4.305,4.2,4.29
2415,2010-03-22,4.25,4.36,4.22,4.31
2414,2010-03-19,4.3,4.3,3.95,4.3
2413,2010-03-18,4.22,4.34,4.16,4.28
2412,2010-03-17,4.42,4.5,4.23,4.25
2411,2010-03-16,4.38,4.55,4.24,4.4
2410,2010-03-15,4.26,4.39,4.22,4.38
2409,2010-03-12,4.35,4.35,4.22,4.28
2408,2010-03-11,4.29,4.405,4.1,4.35
2407,2010-03-10,4.11,4.33,4.1,4.31
2406,2010-03-09,4.01,4.13,3.984,4.12
2405,2010-03-08,4.03,4.06,3.98,4.01
2404,2010-03-05,3.93,4.04,3.87,4.02
2403,2010-03-04,4.13,4.15,3.88,3.89
2402,2010-03-03,4.02,4.1999,3.94,4.1
2401,2010-03-02,3.94,4.01,3.88,4.01
2400,2010-03-01,3.88,3.96,3.85,3.93
2399,2010-02-26,3.54,3.89,3.5,3.75
2398,2010-02-25,3.47,3.57,3.34,3.55
2397,2010-02-24,3.4,3.53,3.16,3.51
2396,2010-02-23,3.33,3.41,3.24,3.4
2395,2010-02-22,3.39,3.39,3.31,3.33
2394,2010-02-19,3.35,3.39,3.28,3.38
2393,2010-02-18,3.45,3.45,3.33,3.35
2392,2010-02-17,3.47,3.5,3.37,3.46
2391,2010-02-16,3.27,3.49,3.21,3.46
2390,2010-02-12,3.15,3.24,3.09,3.24
2389,2010-02-11,3.26,3.32,3.16,3.18
2388,2010-02-10,3.28,3.33,3.2,3.27
2387,2010-02-09,3.14,3.38,3.12,3.29
2386,2010-02-08,3.12,3.16,3.03,3.11
2385,2010-02-05,3.09,3.15,3.04,3.11
2384,2010-02-04,3.07,3.1102,3.0,3.09
2383,2010-02-03,3.03,3.11,2.85,3.09
2382,2010-02-02,3.16,3.19,3.01,3.04
2381,2010-02-01,3.18,3.24,3.13,3.17
2380,2010-01-29,3.06,3.24,3.06,3.16
2379,2010-01-28,3.15,3.25,3.028,3.04
2378,2010-01-27,3.16,3.28,3.1,3.13
2377,2010-01-26,3.22,3.31,3.15,3.17
2376,2010-01-25,3.22,3.28,3.18,3.24
2375,2010-01-22,3.29,3.34,3.16,3.18
2374,2010-01-21,3.37,3.42,3.27,3.28
2373,2010-01-20,3.4,3.48,3.31,3.37
2372,2010-01-19,3.47,3.57,3.38,3.4
2371,2010-01-15,3.55,3.58,3.38,3.46
2370,2010-01-14,3.56,3.58,3.5,3.54
2369,2010-01-13,3.54,3.6,3.49,3.56
2368,2010-01-12,3.72,3.75,3.51,3.53
2367,2010-01-11,3.65,3.76,3.56,3.76
2366,2010-01-08,3.67,3.68,3.58,3.64
2365,2010-01-07,3.65,3.74,3.53,3.68
2364,2010-01-06,3.67,3.75,3.6,3.66
2363,2010-01-05,3.8,3.83,3.57,3.67
2362,2010-01-04,3.87,3.9,3.68,3.8
2361,2009-12-31,3.81,3.9,3.73,3.84
2360,2009-12-30,3.76,3.81,3.65,3.81
2359,2009-12-29,3.77,3.83,3.61,3.77
2358,2009-12-28,3.57,3.8,3.5,3.76
2357,2009-12-24,3.54,3.61,3.5,3.57
2356,2009-12-23,3.44,3.71,3.44,3.51
2355,2009-12-22,3.42,3.44,3.27,3.43
2354,2009-12-21,3.41,3.53,3.36,3.42
2353,2009-12-18,3.29,3.43,3.27,3.4
2352,2009-12-17,3.35,3.37,3.2,3.25
2351,2009-12-16,3.49,3.52,3.36,3.4
2350,2009-12-15,3.37,3.49,3.34,3.45
2349,2009-12-14,3.66,3.66,3.19,3.37
2348,2009-12-11,3.64,3.73,3.54,3.55
2347,2009-12-10,3.8,3.88,3.58,3.63
2346,2009-12-09,3.84,3.87,3.65,3.77
2345,2009-12-08,3.87,3.93,3.81,3.82
2344,2009-12-07,4.0,4.03,3.89,3.9
2343,2009-12-04,4.0,4.04,3.87,4.01
2342,2009-12-03,4.06,4.07,3.95,3.96
2341,2009-12-02,4.07,4.1,4.0,4.03
2340,2009-12-01,4.1,4.11,3.99,4.08
2339,2009-11-30,4.08,4.1,3.9,4.08
2338,2009-11-27,4.02,4.11,4.0,4.09
2337,2009-11-25,4.05,4.12,3.89,4.1
2336,2009-11-24,3.87,4.06,3.81,4.04
2335,2009-11-23,3.98,4.13,3.84,3.88
2334,2009-11-20,3.76,3.94,3.76,3.89
2333,2009-11-19,4.02,4.02,3.77,3.79
2332,2009-11-18,4.29,4.34,3.97,4.07
2331,2009-11-17,4.07,4.3,3.98,4.3
2330,2009-11-16,3.89,4.14,3.89,4.1
2329,2009-11-13,3.77,3.95,3.73,3.83
2328,2009-11-12,3.93,4.01,3.75,3.76
2327,2009-11-11,3.99,4.03,3.88,3.95
2326,2009-11-10,4.03,4.09,3.86,3.92
2325,2009-11-09,4.13,4.14,4.0,4.08
2324,2009-11-06,3.97,4.09,3.96,4.09
2323,2009-11-05,3.92,4.06,3.9,4.05
2322,2009-11-04,4.09,4.1,3.83,3.86
2321,2009-11-03,3.92,4.08,3.92,4.07
2320,2009-11-02,3.97,4.03,3.9,3.97
2319,2009-10-30,3.97,4.01,3.83,3.92
2318,2009-10-29,3.77,4.17,3.77,4.01
2317,2009-10-28,3.85,3.97,3.6,3.7
2316,2009-10-27,3.59,3.64,3.54,3.56
2315,2009-10-26,3.61,3.74,3.56,3.56
2314,2009-10-23,3.83,3.84,3.61,3.62
2313,2009-10-22,3.66,3.8,3.56,3.8
2312,2009-10-21,3.74,3.78,3.66,3.67
2311,2009-10-20,3.88,3.88,3.63,3.71
2310,2009-10-19,3.84,3.95,3.79,3.88
2309,2009-10-16,3.8,3.89,3.75,3.81
2308,2009-10-15,3.95,3.99,3.8,3.8
2307,2009-10-14,3.89,4.03,3.84,3.99
2306,2009-10-13,3.99,3.99,3.79,3.82
2305,2009-10-12,4.16,4.16,3.95,3.98
2304,2009-10-09,4.23,4.3,4.1,4.18
2303,2009-10-08,4.23,4.32,4.12,4.24
2302,2009-10-07,4.11,4.25,3.96,4.19
2301,2009-10-06,4.06,4.2,3.96,4.14
2300,2009-10-05,3.86,4.15,3.86,4.01
2299,2009-10-02,3.89,3.95,3.78,3.85
2298,2009-10-01,4.3301,4.3301,3.9,3.93
2297,2009-09-30,4.44,4.44,4.22,4.35
2296,2009-09-29,4.45,4.6,4.45,4.46
2295,2009-09-28,4.34,4.5,4.25,4.47
2294,2009-09-25,4.21,4.35,4.21,4.31
2293,2009-09-24,4.34,4.36,4.15,4.21
2292,2009-09-23,4.49,4.5,4.3,4.3
2291,2009-09-22,4.72,4.72,4.49,4.49
2290,2009-09-21,4.62,4.7,4.58,4.66
2289,2009-09-18,4.65,4.71,4.56,4.66
2288,2009-09-17,4.51,4.73,4.51,4.63
2287,2009-09-16,4.48,4.51,4.39,4.51
2286,2009-09-15,4.4,4.48,4.37,4.48
2285,2009-09-14,4.35,4.52,4.33,4.42
2284,2009-09-11,4.38,4.43,4.32,4.4
2283,2009-09-10,4.36,4.44,4.31,4.4
2282,2009-09-09,4.31,4.4499,4.3,4.38
2281,2009-09-08,4.5,4.52,4.31,4.33
2280,2009-09-04,4.4,4.47,4.28,4.47
2279,2009-09-03,4.4,4.48,4.34,4.41
2278,2009-09-02,4.39,4.57,4.348,4.39
2277,2009-09-01,4.5,4.77,4.39,4.39
2276,2009-08-31,4.73,4.73,4.44,4.55
2275,2009-08-28,4.88,5.11,4.79,4.8
2274,2009-08-27,4.87,5.01,4.7,5.01
2273,2009-08-26,4.89,4.98,4.77,4.89
2272,2009-08-25,4.91,4.98,4.79,4.91
2271,2009-08-24,4.85,4.96,4.76,4.9
2270,2009-08-21,4.82,4.9,4.71,4.85
2269,2009-08-20,4.75,4.82,4.61,4.75
2268,2009-08-19,4.57,4.77,4.55,4.75
2267,2009-08-18,4.67,4.73,4.61,4.66
2266,2009-08-17,4.65,4.68,4.5501,4.66
2265,2009-08-14,4.88,4.88,4.62,4.76
2264,2009-08-13,4.83,4.91,4.56,4.9
2263,2009-08-12,4.58,4.86,4.58,4.81
2262,2009-08-11,4.72,4.75,4.5,4.59
2261,2009-08-10,4.62,4.76,4.62,4.75
2260,2009-08-07,4.62,4.75,4.48,4.67
2259,2009-08-06,4.6,4.6,4.4,4.52
2258,2009-08-05,4.74,4.75,4.48,4.56
2257,2009-08-04,4.51,4.75,4.49,4.75
2256,2009-08-03,4.49,4.56,4.31,4.56
2255,2009-07-31,4.49,4.52,4.25,4.43
2254,2009-07-30,4.38,4.68,4.3,4.52
2253,2009-07-29,4.24,4.41,4.21,4.3
2252,2009-07-28,4.28,4.4,4.19,4.28
2251,2009-07-27,4.4,4.47,4.1,4.33
2250,2009-07-24,4.28,4.46,4.28,4.45
2249,2009-07-23,4.2,4.39,4.18,4.34
2248,2009-07-22,4.08,4.26,4.08,4.22
2247,2009-07-21,3.99,4.16,3.92,4.12
2246,2009-07-20,4.27,4.33,3.851,3.95
2245,2009-07-17,4.24,4.34,4.1,4.25
2244,2009-07-16,4.17,4.24,3.97,4.23
2243,2009-07-15,3.9,4.22,3.9,4.19
2242,2009-07-14,3.85,3.95,3.79,3.83
2241,2009-07-13,3.84,3.91,3.72,3.86
2240,2009-07-10,3.45,3.82,3.41,3.82
2239,2009-07-09,3.63,3.85,3.41,3.42
2238,2009-07-08,3.78,3.9,3.55,3.59
2237,2009-07-07,3.82,3.9,3.72,3.75
2236,2009-07-06,4.04,4.17,3.78,3.81
2235,2009-07-02,4.25,4.32,4.01,4.04
2234,2009-07-01,4.34,4.46,4.26,4.28
2233,2009-06-30,4.48,4.5,4.28,4.29
2232,2009-06-29,4.8,4.8,4.34,4.46
2231,2009-06-26,4.35,5.02,4.3,4.98
2230,2009-06-25,4.25,4.48,4.25,4.37
2229,2009-06-24,4.33,4.52,4.25,4.28
2228,2009-06-23,4.51,4.51,4.27,4.27
2227,2009-06-22,4.51,4.56,4.38,4.45
2226,2009-06-19,4.45,4.71,4.4301,4.54
2225,2009-06-18,4.34,4.41,4.2906,4.35
2224,2009-06-17,4.38,4.4297,4.25,4.36
2223,2009-06-16,4.5,4.53,4.39,4.39
2222,2009-06-15,4.31,4.5,4.01,4.46
2221,2009-06-12,4.56,4.56,4.27,4.4
2220,2009-06-11,4.52,4.74,4.48,4.6
2219,2009-06-10,4.49,4.6,4.2,4.51
2218,2009-06-09,4.4,4.46,4.36,4.46
2217,2009-06-08,4.43,4.515,4.35,4.38
2216,2009-06-05,4.5,4.52,4.34,4.48
2215,2009-06-04,4.49,4.51,4.27,4.5
2214,2009-06-03,4.35,4.5,4.12,4.5
2213,2009-06-02,3.99,4.48,3.87,4.4
2212,2009-06-01,3.97,4.04,3.82,4.03
2211,2009-05-29,3.81,3.9029,3.74,3.87
2210,2009-05-28,3.85,3.89,3.71,3.78
2209,2009-05-27,3.9,3.9101,3.8,3.82
2208,2009-05-26,3.7,3.99,3.7,3.9
2207,2009-05-22,3.74,3.85,3.65,3.73
2206,2009-05-21,3.88,3.88,3.65,3.7
2205,2009-05-20,3.93,4.15,3.88,3.93
2204,2009-05-19,3.84,3.99,3.82,3.88
2203,2009-05-18,3.82,3.928,3.78,3.9
2202,2009-05-15,3.86,3.86,3.66,3.77
2201,2009-05-14,3.77,4.0,3.59,3.82
2200,2009-05-13,4.03,4.03,3.69,3.69
2199,2009-05-12,4.16,4.16,4.0,4.1
2198,2009-05-11,4.06,4.2,3.96,4.13
2197,2009-05-08,3.73,4.18,3.67,4.16
2196,2009-05-07,3.75,3.81,3.63,3.67
2195,2009-05-06,3.82,3.86,3.6309,3.75
2194,2009-05-05,3.71,3.79,3.6,3.77
2193,2009-05-04,3.55,3.81,3.55,3.75
2192,2009-05-01,3.54,3.54,3.39,3.5
2191,2009-04-30,3.42,3.78,3.3,3.54
2190,2009-04-29,3.1,3.39,3.03,3.39
2189,2009-04-28,2.67,3.15,2.63,3.11
2188,2009-04-27,2.82,2.89,2.62,2.67
2187,2009-04-24,2.75,2.93,2.75,2.88
2186,2009-04-23,2.9,2.9,2.63,2.72
2185,2009-04-22,2.85,2.98,2.6801,2.91
2184,2009-04-21,2.49,2.91,2.48,2.9
2183,2009-04-20,2.65,2.67,2.4,2.5
2182,2009-04-17,2.82,2.825,2.64,2.67
2181,2009-04-16,2.78,2.83,2.71,2.8
2180,2009-04-15,2.67,2.78,2.67,2.74
2179,2009-04-14,2.94,2.94,2.62,2.69
2178,2009-04-13,2.93,3.1,2.88,3.03
2177,2009-04-09,2.99,3.09,2.95,2.98
2176,2009-04-08,2.93,2.99,2.83,2.99
2175,2009-04-07,2.95,2.97,2.89,2.89
2174,2009-04-06,3.0,3.03,2.9,2.99
2173,2009-04-03,2.9,3.11,2.9,3.11
2172,2009-04-02,3.05,3.2,2.91,2.91
2171,2009-04-01,2.79,3.03,2.67,2.98
2170,2009-03-31,2.87,2.96,2.8,2.85
2169,2009-03-30,2.76,2.87,2.71,2.82
2168,2009-03-27,2.95,2.98,2.79,2.86
2167,2009-03-26,3.0,3.03,2.87,3.03
2166,2009-03-25,2.85,3.02,2.79,2.95
2165,2009-03-24,2.89,3.04,2.77,2.84
2164,2009-03-23,2.64,3.0,2.64,2.96
2163,2009-03-20,3.04,3.04,2.56,2.56
2162,2009-03-19,3.14,3.14,2.99,3.0
2161,2009-03-18,3.1,3.22,3.01,3.1
2160,2009-03-17,3.07,3.25,3.0,3.25
2159,2009-03-16,3.16,3.22,2.952,3.08
2158,2009-03-13,3.01,3.25,2.81,3.13
2157,2009-03-12,2.61,3.02,2.52,3.0
2156,2009-03-11,2.59,2.76,2.47,2.67
2155,2009-03-10,2.47,2.6,2.278,2.58
2154,2009-03-09,2.27,2.51,2.24,2.39
2153,2009-03-06,2.28,2.37,2.08,2.31
2152,2009-03-05,2.57,2.57,2.16,2.25
2151,2009-03-04,2.65,2.8,2.49,2.66
2150,2009-03-03,2.58,2.81,2.47,2.6
2149,2009-03-02,2.75,2.9,2.5,2.5
2148,2009-02-27,2.69,2.9,2.55,2.82
2147,2009-02-26,2.6,3.09,2.57,2.75
2146,2009-02-25,2.35,2.69,2.32,2.58
2145,2009-02-24,2.72,2.84,2.21,2.35
2144,2009-02-23,2.75,2.97,2.47,2.66
2143,2009-02-20,2.84,2.92,2.67,2.71
2142,2009-02-19,3.12,3.18,2.74,2.89
2141,2009-02-18,3.25,3.35,3.0,3.08
2140,2009-02-17,3.14,3.21,3.04,3.19
2139,2009-02-13,3.07,3.27,3.05,3.25
2138,2009-02-12,2.93,3.25,2.91,3.06
2137,2009-02-11,3.01,3.0199,2.837,3.0
2136,2009-02-10,2.99,3.08,2.78,2.98
2135,2009-02-09,2.92,3.12,2.9,3.02
2134,2009-02-06,2.68,2.92,2.66,2.89
2133,2009-02-05,2.72,2.94,2.65,2.7
2132,2009-02-04,2.82,2.88,2.65,2.75
2131,2009-02-03,2.64,2.87,2.58,2.81
2130,2009-02-02,2.47,2.65,2.45,2.61
2129,2009-01-30,2.52,2.57,2.45,2.45
2128,2009-01-29,2.45,2.57,2.45,2.5
2127,2009-01-28,2.54,2.65,2.48,2.56
2126,2009-01-27,2.49,2.63,2.37,2.5
2125,2009-01-26,2.35,2.53,2.35,2.48
2124,2009-01-23,2.29,2.46,2.29,2.4
2123,2009-01-22,2.49,2.51,2.36,2.44
2122,2009-01-21,2.48,2.61,2.4,2.55
2121,2009-01-20,2.55,2.64,2.43,2.43
2120,2009-01-16,2.99,3.19,2.51,2.6
2119,2009-01-15,2.54,2.72,2.42,2.72
2118,2009-01-14,2.89,2.9,2.53,2.54
2117,2009-01-13,2.91,3.05,2.89,2.95
2116,2009-01-12,3.04,3.11,2.92,2.92
2115,2009-01-09,3.36,3.36,3.02,3.04
2114,2009-01-08,2.95,3.38,2.95,3.36
2113,2009-01-07,2.89,3.0,2.86,2.94
2112,2009-01-06,2.82,3.11,2.82,2.95
2111,2009-01-05,2.78,2.8,2.69,2.8
2110,2009-01-02,2.76,2.89,2.62,2.77
2109,2008-12-31,2.89,2.89,2.42,2.76
2108,2008-12-30,2.91,2.99,2.75,2.97
2107,2008-12-29,3.36,3.38,2.68,2.88
2106,2008-12-26,3.28,3.44,3.2082,3.43
2105,2008-12-24,3.03,3.35,3.0,3.27
2104,2008-12-23,2.81,3.12,2.81,3.04
2103,2008-12-22,2.99,2.99,2.58,2.8
2102,2008-12-19,2.89,2.94,2.51,2.91
2101,2008-12-18,2.67,2.77,2.4,2.48
2100,2008-12-17,2.71,2.72,2.63,2.67
2099,2008-12-16,2.63,2.8,2.52,2.73
2098,2008-12-15,2.77,2.85,2.55,2.6
2097,2008-12-12,2.48,2.76,2.46,2.75
2096,2008-12-11,2.57,2.65,2.36,2.48
2095,2008-12-10,2.63,2.65,2.47,2.61
2094,2008-12-09,2.8,2.83,2.5,2.6
2093,2008-12-08,2.28,2.88,2.11,2.81
2092,2008-12-05,2.15,2.25,2.09,2.25
2091,2008-12-04,2.23,2.39,2.1,2.18
2090,2008-12-03,2.36,2.45,2.15,2.25
2089,2008-12-02,2.0,2.48,2.0,2.47
2088,2008-12-01,2.73,2.73,1.89,1.93
2087,2008-11-28,2.58,2.73,2.45,2.72
2086,2008-11-26,2.1,2.6,2.06,2.59
2085,2008-11-25,2.11,2.26,1.92,2.15
2084,2008-11-24,1.96,2.15,1.72,2.09
2083,2008-11-21,1.57,1.88,1.57,1.88
2082,2008-11-20,1.9,1.9,1.3,1.55
2081,2008-11-19,1.97,2.25,1.95,1.96
2080,2008-11-18,2.52,2.57,1.79,1.98
2079,2008-11-17,2.42,2.58,2.36,2.52
2078,2008-11-14,2.66,2.67,2.42,2.43
2077,2008-11-13,2.34,2.71,2.28,2.7
2076,2008-11-12,2.59,2.67,2.33,2.33
2075,2008-11-11,2.76,2.77,2.58,2.62
2074,2008-11-10,2.97,2.97,2.77,2.77
2073,2008-11-07,2.92,3.0,2.86,2.92
2072,2008-11-06,2.82,3.07,2.72,2.89
2071,2008-11-05,3.02,3.0201,2.73,2.74
2070,2008-11-04,3.25,3.33,3.02,3.04
2069,2008-11-03,3.13,3.26,3.098,3.15
2068,2008-10-31,2.84,3.06,2.79,3.05
2067,2008-10-30,3.12,3.12,2.75,2.86
2066,2008-10-29,2.87,3.75,2.86,3.04
2065,2008-10-28,4.05,4.33,2.15,2.85
2064,2008-10-27,4.32,4.32,4.0,4.04
2063,2008-10-24,4.39,4.65,4.25,4.42
2062,2008-10-23,5.1,5.1,4.52,4.68
2061,2008-10-22,5.69,5.69,5.03,5.09
2060,2008-10-21,5.89,6.15,5.8,5.81
2059,2008-10-20,5.95,6.05,5.82,5.95
2058,2008-10-17,6.04,6.21,5.6,5.8
2057,2008-10-16,6.37,6.54,5.88,6.26
2056,2008-10-15,7.4,7.44,6.3,6.3
2055,2008-10-14,8.29,8.29,7.28,7.49
2054,2008-10-13,7.58,8.13,7.45,8.12
2053,2008-10-10,7.0,7.72,6.55,7.49
2052,2008-10-09,8.09,8.27,7.15,7.15
2051,2008-10-08,8.14,8.35,7.82,7.99
2050,2008-10-07,8.73,8.99,8.27,8.35
2049,2008-10-06,8.78,9.1,8.14,8.95
2048,2008-10-03,9.08,9.38,8.75,8.95
2047,2008-10-02,9.24,9.35,8.98,9.0
2046,2008-10-01,9.28,9.45,9.2,9.3
2045,2008-09-30,9.26,9.59,9.09,9.35
2044,2008-09-29,9.53,9.69,9.19,9.19
2043,2008-09-26,9.56,9.75,9.55,9.71
2042,2008-09-25,9.5,9.89,9.5,9.61
2041,2008-09-24,9.65,9.78,9.495,9.5
2040,2008-09-23,9.61,9.8,9.52,9.64
2039,2008-09-22,9.95,10.0,9.46,9.62
2038,2008-09-19,10.13,10.38,9.52,10.0
2037,2008-09-18,9.54,10.03,9.0,9.88
2036,2008-09-17,9.64,9.64,9.25,9.35
2035,2008-09-16,8.92,9.8,8.69,9.8
2034,2008-09-15,9.17,9.4,8.81,9.18
2033,2008-09-12,9.08,9.4,9.0,9.32
2032,2008-09-11,8.88,9.15,8.66,9.15
2031,2008-09-10,9.01,9.05,8.6001,8.92
2030,2008-09-09,9.08,9.34,8.83,8.83
2029,2008-09-08,9.29,9.44,8.97,9.1
2028,2008-09-05,9.4,9.4,8.96,9.1
2027,2008-09-04,9.61,9.64,9.25,9.42
2026,2008-09-03,9.06,9.74,9.0,9.64
2025,2008-09-02,9.52,9.71,9.25,9.49
2024,2008-08-29,9.67,9.67,9.29,9.38
2023,2008-08-28,9.25,9.68,9.16,9.68
2022,2008-08-27,9.09,9.29,8.87,9.25
2021,2008-08-26,9.15,9.26,8.91,9.07
2020,2008-08-25,9.47,9.494,9.01,9.13
2019,2008-08-22,9.23,9.54,9.1,9.47
2018,2008-08-21,9.22,9.34,9.08,9.21
2017,2008-08-20,9.73,9.76,9.15,9.29
2016,2008-08-19,9.64,9.75,9.53,9.71
2015,2008-08-18,9.6,9.88,9.43,9.71
2014,2008-08-15,9.53,9.7,9.33,9.62
2013,2008-08-14,9.23,9.68,9.23,9.39
2012,2008-08-13,9.06,9.37,9.06,9.3
2011,2008-08-12,8.95,9.08,8.89,9.08
2010,2008-08-11,8.59,9.04,8.57,9.0
2009,2008-08-08,8.36,8.79,8.31,8.65
2008,2008-08-07,8.21,8.33,8.02,8.33
2007,2008-08-06,8.2,8.34,8.06,8.3
2006,2008-08-05,8.24,8.31,7.86,8.2
2005,2008-08-04,8.3,8.3,7.83,8.15
2004,2008-08-01,8.3,8.3,8.1,8.29
2003,2008-07-31,8.27,8.42,8.19,8.29
2002,2008-07-30,8.33,8.4,8.21,8.38
2001,2008-07-29,8.24,8.44,8.14,8.26
2000,2008-07-28,8.32,8.4,8.1,8.2
1999,2008-07-25,8.51,8.59,8.04,8.41
1998,2008-07-24,7.8,8.51,7.8,7.99
1997,2008-07-23,8.09,8.09,7.65,7.68
1996,2008-07-22,8.1,8.25,8.06,8.17
1995,2008-07-21,8.16,8.26,8.11,8.11
1994,2008-07-18,8.11,8.15,8.02,8.11
1993,2008-07-17,8.15,8.3,7.8905,8.15
1992,2008-07-16,7.95,8.17,7.85,8.15
1991,2008-07-15,7.69,7.96,7.68,7.91
1990,2008-07-14,7.74,7.92,7.7,7.76
1989,2008-07-11,7.74,7.93,7.64,7.89
1988,2008-07-10,7.74,7.87,7.68,7.82
1987,2008-07-09,7.95,8.09,7.76,7.76
1986,2008-07-08,7.7,7.93,7.61,7.93
1985,2008-07-07,8.01,8.1,7.65,7.66
1984,2008-07-03,7.91,8.08,7.8,7.95
1983,2008-07-02,8.2,8.32,7.82,7.84
1982,2008-07-01,8.64,8.77,8.22,8.22
1981,2008-06-30,8.86,8.99,8.74,8.75
1980,2008-06-27,8.78,8.87,8.65,8.87
1979,2008-06-26,8.99,9.12,8.75,8.82
1978,2008-06-25,9.06,9.18,9.01,9.1
1977,2008-06-24,9.1,9.18,9.06,9.07
1976,2008-06-23,8.92,9.15,8.73,9.11
1975,2008-06-20,8.8,9.0,8.59,8.85
1974,2008-06-19,9.44,9.47,9.0,9.01
1973,2008-06-18,10.0,10.0,9.4,9.42
1972,2008-06-17,10.31,10.5,9.99,10.03
1971,2008-06-16,10.17,10.34,9.94,10.3
1970,2008-06-13,9.83,10.22,9.72,10.19
1969,2008-06-12,9.81,9.89,9.72,9.72
1968,2008-06-11,9.82,9.82,9.54,9.72
1967,2008-06-10,9.82,9.98,9.62,9.87
1966,2008-06-09,10.12,10.19,9.75,9.92
1965,2008-06-06,10.31,10.4,10.09,10.12
1964,2008-06-05,9.99,10.43,9.93,10.4
1963,2008-06-04,9.96,10.12,9.92,10.0
1962,2008-06-03,10.11,10.13,9.92,10.02
1961,2008-06-02,9.91,10.08,9.67,10.08
1960,2008-05-30,9.97,10.17,9.77,9.95
1959,2008-05-29,9.59,10.0,9.42,9.97
1958,2008-05-28,9.69,9.72,9.56,9.64
1957,2008-05-27,9.39,9.72,9.37,9.67
1956,2008-05-23,9.78,9.78,9.35,9.56
1955,2008-05-22,9.86,9.96,9.58,9.83
1954,2008-05-21,9.83,10.05,9.75,9.84
1953,2008-05-20,9.8,9.8101,9.67,9.79
1952,2008-05-19,9.74,9.93,9.74,9.83
1951,2008-05-16,10.01,10.01,9.63,9.74
1950,2008-05-15,10.02,10.13,9.95,10.0
1949,2008-05-14,10.25,10.35,10.02,10.04
1948,2008-05-13,10.07,10.29,9.96,10.25
1947,2008-05-12,10.08,10.18,9.96,10.08
1946,2008-05-09,10.21,10.21,10.0,10.04
1945,2008-05-08,10.09,10.34,9.95,10.3
1944,2008-05-07,10.25,10.35,9.99,10.04
1943,2008-05-06,10.22,10.44,9.53,10.2
1942,2008-05-05,10.03,10.31,10.0,10.16
1941,2008-05-02,10.42,10.51,10.07,10.15
1940,2008-05-01,10.15,10.37,10.12,10.34
1939,2008-04-30,10.28,10.42,10.12,10.14
1938,2008-04-29,10.43,10.43,10.22,10.24
1937,2008-04-28,10.27,10.47,10.25,10.4
1936,2008-04-25,10.47,10.47,10.25,10.31
1935,2008-04-24,10.3,10.5,10.23,10.41
1934,2008-04-23,10.33,10.47,10.22,10.39
1933,2008-04-22,10.22,10.35,10.04,10.3
1932,2008-04-21,10.12,10.32,10.0,10.29
1931,2008-04-18,10.18,10.2,9.99,10.18
1930,2008-04-17,10.09,10.19,9.89,9.99
1929,2008-04-16,10.09,10.2,9.83,10.15
1928,2008-04-15,9.46,10.08,9.46,10.0
1927,2008-04-14,9.75,9.81,9.55,9.64
1926,2008-04-11,10.1,10.1,9.61,9.79
1925,2008-04-10,10.0,10.23,9.96,10.22
1924,2008-04-09,10.24,10.24,9.93,10.03
1923,2008-04-08,9.92,10.27,9.8,10.25
1922,2008-04-07,9.6,10.08,9.51,10.02
1921,2008-04-04,9.3,9.44,9.24,9.39
1920,2008-04-03,9.25,9.47,9.22,9.32
1919,2008-04-02,9.5,9.54,9.11,9.34
1918,2008-04-01,9.43,9.66,9.2,9.5
1917,2008-03-31,9.27,9.45,9.01,9.45
1916,2008-03-28,8.92,9.65,8.81,9.19
1915,2008-03-27,8.91,9.09,8.72,8.87
1914,2008-03-26,8.99,9.04,8.84,8.87
1913,2008-03-25,8.89,9.22,8.63,9.05
1912,2008-03-24,8.35,8.79,8.27,8.75
1911,2008-03-20,8.3,8.45,8.1,8.33
1910,2008-03-19,8.11,8.31,7.91,7.91
1909,2008-03-18,8.19,8.24,7.9,8.23
1908,2008-03-17,7.8,8.28,7.8,8.01
1907,2008-03-14,8.48,8.51,7.97,8.19
1906,2008-03-13,8.58,8.58,8.06,8.39
1905,2008-03-12,8.93,9.01,8.54,8.56
1904,2008-03-11,9.05,9.25,8.85,8.91
1903,2008-03-10,9.45,9.53,8.9,9.0
1902,2008-03-07,9.52,9.9,9.27,9.37
1901,2008-03-06,10.0,10.01,9.53,9.57
1900,2008-03-05,9.5,10.2,9.5,10.0
1899,2008-03-04,9.63,9.63,9.03,9.41
1898,2008-03-03,8.6,9.81,8.5,9.76
1897,2008-02-29,8.11,8.63,8.0,8.6
1896,2008-02-28,8.3,8.84,8.08,8.08
1895,2008-02-27,8.19,8.37,8.17,8.2
1894,2008-02-26,7.86,8.25,7.85,8.18
1893,2008-02-25,7.96,8.23,7.8,7.95
1892,2008-02-22,8.08,8.17,7.81,7.94
1891,2008-02-21,8.67,8.74,8.02,8.05
1890,2008-02-20,8.43,8.66,8.43,8.66
1889,2008-02-19,8.71,8.75,8.48,8.51
1888,2008-02-15,8.61,8.71,8.39,8.61
1887,2008-02-14,8.77,8.79,8.51,8.68
1886,2008-02-13,8.83,8.93,8.66,8.76
1885,2008-02-12,8.71,8.8,8.5,8.78
1884,2008-02-11,8.72,8.83,8.46,8.62
1883,2008-02-08,8.57,8.73,8.51,8.73
1882,2008-02-07,8.49,8.71,8.13,8.7
1881,2008-02-06,8.77,8.77,8.28,8.67
1880,2008-02-05,8.93,8.93,8.6,8.68
1879,2008-02-04,8.63,8.9,8.63,8.89
1878,2008-02-01,8.02,8.59,8.02,8.56
1877,2008-01-31,7.7,8.06,7.66,8.0
1876,2008-01-30,7.74,7.88,7.71,7.81
1875,2008-01-29,7.55,7.89,7.41,7.81
1874,2008-01-28,7.44,7.5,7.25,7.45
1873,2008-01-25,7.52,7.57,7.21,7.47
1872,2008-01-24,7.7,7.71,7.02,7.4
1871,2008-01-23,7.35,7.71,7.07,7.64
1870,2008-01-22,7.5,7.89,7.3,7.51
1869,2008-01-18,8.02,8.45,7.6,7.68
1868,2008-01-17,8.02,8.13,7.9,8.1
1867,2008-01-16,7.84,8.08,7.71,7.98
1866,2008-01-15,7.76,7.98,7.76,7.85
1865,2008-01-14,8.2,8.38,7.84,7.86
1864,2008-01-11,8.26,8.48,8.11,8.13
1863,2008-01-10,8.34,8.44,8.12,8.36
1862,2008-01-09,8.32,8.51,8.05,8.45
1861,2008-01-08,8.66,8.75,8.27,8.37
1860,2008-01-07,8.45,8.86,8.45,8.57
1859,2008-01-04,8.52,8.89,8.31,8.38
1858,2008-01-03,8.76,8.89,8.61,8.65
1857,2008-01-02,8.7,9.03,8.6,8.72
1856,2007-12-31,8.7,9.05,8.44,8.68
1855,2007-12-28,8.94,9.2,8.65,8.79
1854,2007-12-27,9.06,9.21,8.81,8.81
1853,2007-12-26,8.68,9.33,8.68,9.06
1852,2007-12-24,8.78,8.85,8.57,8.76
1851,2007-12-21,8.9,8.9,8.5,8.75
1850,2007-12-20,8.73,8.73,8.44,8.71
1849,2007-12-19,8.5,8.65,8.49,8.6
1848,2007-12-18,8.68,8.68,8.25,8.55
1847,2007-12-17,8.7,8.82,8.55,8.56
1846,2007-12-14,8.76,9.14,8.72,8.77
1845,2007-12-13,8.86,9.04,8.73,9.0
1844,2007-12-12,9.18,9.34,8.75,8.97
1843,2007-12-11,9.38,9.46,8.98,9.0
1842,2007-12-10,9.26,9.7,9.12,9.31
1841,2007-12-07,8.89,9.21,8.76,9.21
1840,2007-12-06,8.5,8.85,8.45,8.85
1839,2007-12-05,8.72,8.72,8.45,8.51
1838,2007-12-04,8.75,8.81,8.48,8.55
1837,2007-12-03,8.9,9.01,8.67,8.82
1836,2007-11-30,8.96,9.1,8.63,8.88
1835,2007-11-29,8.84,8.91,8.73,8.79
1834,2007-11-28,8.55,8.87,8.52,8.84
1833,2007-11-27,8.61,8.61,8.39,8.44
1832,2007-11-26,8.81,8.81,8.23,8.6
1831,2007-11-23,8.58,8.96,8.46,8.82
1830,2007-11-21,8.71,8.72,8.41,8.52
1829,2007-11-20,8.96,8.96,8.59,8.71
1828,2007-11-19,9.5,9.5,8.76,8.94
1827,2007-11-16,9.36,9.67,9.36,9.58
1826,2007-11-15,9.97,10.1,9.35,9.4
1825,2007-11-14,10.05,10.15,9.81,10.0
1824,2007-11-13,10.45,10.5,9.06,10.0
1823,2007-11-12,10.65,10.93,10.48,10.54
1822,2007-11-09,10.44,10.7,10.38,10.69
1821,2007-11-08,10.39,10.57,9.84,10.56
1820,2007-11-07,10.61,10.73,10.0,10.3
1819,2007-11-06,10.51,10.75,10.07,10.72
1818,2007-11-05,10.49,10.66,10.25,10.51
1817,2007-11-02,10.37,10.6,10.15,10.6
1816,2007-11-01,10.42,10.8,10.05,10.2
1815,2007-10-31,10.69,10.74,10.18,10.61
1814,2007-10-30,10.84,11.0,10.64,10.66
1813,2007-10-29,10.99,11.0,10.79,10.91
1812,2007-10-26,10.99,11.15,10.83,10.9
1811,2007-10-25,10.65,10.94,10.53,10.9
1810,2007-10-24,10.43,10.72,10.09,10.62
1809,2007-10-23,10.8,10.96,10.33,10.53
1808,2007-10-22,10.24,10.66,10.0301,10.63
1807,2007-10-19,10.9,10.9,10.27,10.31
1806,2007-10-18,10.76,10.98,10.65,10.9
1805,2007-10-17,10.95,11.0,10.67,10.78
1804,2007-10-16,10.51,10.98,10.5,10.78
1803,2007-10-15,11.31,11.31,10.46,10.51
1802,2007-10-12,11.23,11.4,11.01,11.35
1801,2007-10-11,11.4,11.4,11.11,11.24
1800,2007-10-10,11.33,11.4,11.15,11.4
1799,2007-10-09,10.92,11.35,10.92,11.3
1798,2007-10-08,11.11,11.19,10.85,11.0
1797,2007-10-05,11.13,11.29,10.94,11.11
1796,2007-10-04,10.86,11.03,10.79,10.98
1795,2007-10-03,11.04,11.09,10.8,10.84
1794,2007-10-02,11.07,11.21,10.87,11.15
1793,2007-10-01,10.61,11.07,10.61,11.03
1792,2007-09-28,10.84,10.86,10.61,10.72
1791,2007-09-27,10.92,11.03,10.75,10.88
1790,2007-09-26,10.62,11.03,10.53,10.88
1789,2007-09-25,10.45,10.66,10.12,10.52
1788,2007-09-24,10.6,10.68,10.26,10.55
1787,2007-09-21,10.99,11.0,10.53,10.56
1786,2007-09-20,11.0,11.04,10.69,10.97
1785,2007-09-19,11.1,11.1,10.77,10.99
1784,2007-09-18,10.25,11.07,10.2,11.0
1783,2007-09-17,10.86,10.87,10.2,10.22
1782,2007-09-14,10.7,10.9,10.49,10.87
1781,2007-09-13,10.71,10.78,10.19,10.75
1780,2007-09-12,10.61,10.9,10.61,10.7
1779,2007-09-11,10.16,10.69,9.91,10.64
1778,2007-09-10,10.41,10.59,10.021,10.13
1777,2007-09-07,10.63,10.65,10.29,10.38
1776,2007-09-06,10.9,10.98,10.58,10.7
1775,2007-09-05,10.83,10.95,10.76,10.91
1774,2007-09-04,10.83,10.94,10.74,10.84
1773,2007-08-31,11.08,11.2,10.66,10.83
1772,2007-08-30,11.05,11.2,10.8,11.02
1771,2007-08-29,10.64,11.12,10.35,11.09
1770,2007-08-28,11.0,11.03,10.49,10.61
1769,2007-08-27,11.15,11.25,10.89,11.03
1768,2007-08-24,11.02,11.25,10.85,11.18
1767,2007-08-23,11.05,11.24,10.85,11.06
1766,2007-08-22,11.28,11.58,10.8,11.0
1765,2007-08-21,10.43,11.4,10.35,11.24
1764,2007-08-20,11.65,11.65,10.08,10.48
1763,2007-08-17,11.62,11.71,10.69,11.63
1762,2007-08-16,10.75,11.25,10.6,11.23
1761,2007-08-15,10.72,11.38,10.69,10.7
1760,2007-08-14,11.12,11.36,10.72,10.75
1759,2007-08-13,11.44,11.85,10.97,10.98
1758,2007-08-10,9.46,11.45,9.42,11.41
1757,2007-08-09,9.39,9.58,9.05,9.5
1756,2007-08-08,9.77,9.95,9.26,9.41
1755,2007-08-07,9.89,10.0,9.654,9.74
1754,2007-08-06,10.5,10.5,9.642,9.92
1753,2007-08-03,11.27,11.27,10.43,10.47
1752,2007-08-02,11.0,11.26,10.77,11.26
1751,2007-08-01,10.77,11.48,10.55,11.0
1750,2007-07-31,9.98,11.02,9.97,10.72
1749,2007-07-30,10.03,10.06,9.26,9.87
1748,2007-07-27,10.2,10.416,10.0,10.08
1747,2007-07-26,10.52,10.52,10.07,10.28
1746,2007-07-25,10.56,10.85,10.16,10.61
1745,2007-07-24,11.07,11.35,10.55,10.59
1744,2007-07-23,10.97,11.46,10.97,11.15
1743,2007-07-20,11.48,11.66,10.82,11.02
1742,2007-07-19,11.75,11.78,11.43,11.51
1741,2007-07-18,11.45,11.66,11.34,11.65
1740,2007-07-17,11.61,11.63,11.38,11.42
1739,2007-07-16,11.82,11.96,11.56,11.61
1738,2007-07-13,11.89,11.89,11.61,11.75
1737,2007-07-12,11.71,11.89,11.48,11.89
1736,2007-07-11,11.8,11.91,11.5,11.67
1735,2007-07-10,11.96,11.99,11.77,11.84
1734,2007-07-09,11.95,11.95,11.78,11.9
1733,2007-07-06,11.75,11.91,11.65,11.89
1732,2007-07-05,11.84,11.86,11.5,11.86
1731,2007-07-03,11.63,11.83,11.34,11.8
1730,2007-07-02,11.28,11.67,11.27,11.5
1729,2007-06-29,11.53,11.67,11.2,11.25
1728,2007-06-28,11.41,11.76,11.39,11.56
1727,2007-06-27,10.96,11.402,10.83,11.38
1726,2007-06-26,10.66,11.23,10.45,11.09
1725,2007-06-25,10.81,10.86,10.44,10.62
1724,2007-06-22,10.93,11.3,10.51,10.81
1723,2007-06-21,11.53,11.53,10.91,10.95
1722,2007-06-20,11.64,11.69,11.5,11.5
1721,2007-06-19,11.8,11.8,11.59,11.61
1720,2007-06-18,11.56,11.94,11.48,11.77
1719,2007-06-15,11.42,11.58,11.36,11.55
1718,2007-06-14,11.26,11.5,11.25,11.34
1717,2007-06-13,11.1,11.3,11.1,11.22
1716,2007-06-12,11.2,11.23,11.1,11.15
1715,2007-06-11,10.96,11.28,10.9,11.11
1714,2007-06-08,10.85,11.25,10.85,11.0
1713,2007-06-07,10.4,10.9,10.4,10.84
1712,2007-06-06,10.42,10.5,10.25,10.47
1711,2007-06-05,10.51,10.64,10.24,10.5
1710,2007-06-04,10.08,10.55,10.01,10.5
1709,2007-06-01,10.01,10.21,9.85,10.01
1708,2007-05-31,10.26,10.3,10.0,10.05
1707,2007-05-30,10.3,10.3,10.17,10.27
1706,2007-05-29,10.28,10.52,10.28,10.4
1705,2007-05-25,10.21,10.44,10.15,10.35
1704,2007-05-24,10.4,10.52,10.05,10.231
1703,2007-05-23,10.41,10.68,10.41,10.44
1702,2007-05-22,10.5,10.62,10.391,10.43
1701,2007-05-21,10.57,10.72,10.38,10.5
1700,2007-05-18,10.85,10.9,10.47,10.51
1699,2007-05-17,10.0,10.94,9.99,10.75
1698,2007-05-16,10.09,10.21,9.82,10.0
1697,2007-05-15,9.71,9.84,9.62,9.81
1696,2007-05-14,9.22,9.57,9.19,9.57
1695,2007-05-11,9.26,9.37,8.97,9.17
1694,2007-05-10,8.9,9.45,8.9,9.28
1693,2007-05-09,8.7,9.16,8.56,9.07
1692,2007-05-08,8.19,8.75,8.16,8.75
1691,2007-05-07,8.19,8.26,7.93,8.19
1690,2007-05-04,8.09,8.25,8.0,8.24
1689,2007-05-03,8.34,8.4,8.05,8.1
1688,2007-05-02,8.4,8.49,8.3,8.3
1687,2007-05-01,8.44,8.53,8.32,8.4
1686,2007-04-30,8.63,8.63,8.23,8.47
1685,2007-04-27,8.5,8.64,8.42,8.58
1684,2007-04-26,8.41,8.5,8.35,8.48
1683,2007-04-25,8.39,8.47,8.35,8.36
1682,2007-04-24,8.4,8.45,8.08,8.45
1681,2007-04-23,8.32,8.4,8.15,8.38
1680,2007-04-20,8.19,8.37,8.07,8.32
1679,2007-04-19,8.05,8.24,8.05,8.22
1678,2007-04-18,8.18,8.18,8.0,8.1
1677,2007-04-17,8.09,8.18,8.01,8.18
1676,2007-04-16,8.01,8.12,8.01,8.12
1675,2007-04-13,8.03,8.1,7.98,8.06
1674,2007-04-12,7.95,8.0,7.77,8.0
1673,2007-04-11,7.94,7.95,7.835,7.95
1672,2007-04-10,7.9,7.95,7.81,7.92
1671,2007-04-09,7.82,7.93,7.812,7.88
1670,2007-04-05,7.74,7.8999,7.74,7.78
1669,2007-04-04,7.41,7.85,7.41,7.69
1668,2007-04-03,7.12,7.31,7.12,7.31
1667,2007-04-02,7.2,7.389,7.1301,7.24
1666,2007-03-30,7.19,7.25,7.17,7.25
1665,2007-03-29,7.19,7.29,7.12,7.21
1664,2007-03-28,7.44,7.44,7.15,7.19
1663,2007-03-27,7.22,7.44,7.22,7.43
1662,2007-03-26,7.73,7.74,7.23,7.27
1661,2007-03-23,7.74,7.83,7.64,7.72
1660,2007-03-22,7.66,7.86,7.65,7.71
1659,2007-03-21,7.74,7.78,7.6,7.66
1658,2007-03-20,7.73,7.73,7.54,7.7
1657,2007-03-19,7.48,7.78,7.48,7.76
1656,2007-03-16,7.38,7.53,7.38,7.5
1655,2007-03-15,7.58,7.65,7.39,7.4
1654,2007-03-14,7.7,7.8,7.5,7.58
1653,2007-03-13,7.8,7.89,7.55,7.62
1652,2007-03-12,7.65,7.87,7.6,7.8
1651,2007-03-09,7.73,7.73,7.59,7.65
1650,2007-03-08,7.7,7.84,7.67,7.73
1649,2007-03-07,7.55,7.74,7.55,7.62
1648,2007-03-06,7.48,7.649,7.42,7.61
1647,2007-03-05,7.24,7.49,7.08,7.45
1646,2007-03-02,7.22,7.39,7.16,7.25
1645,2007-03-01,7.02,7.35,6.96,7.26
1644,2007-02-28,7.22,7.25,7.0,7.07
1643,2007-02-27,7.16,7.42,7.01,7.19
1642,2007-02-26,7.31,7.31,7.08,7.17
1641,2007-02-23,7.41,7.41,7.16,7.309
1640,2007-02-22,7.36,7.4,7.28,7.34
1639,2007-02-21,7.17,7.38,7.17,7.32
1638,2007-02-20,7.45,7.45,7.15,7.15
1637,2007-02-16,7.24,7.44,7.24,7.41
1636,2007-02-15,7.4799,7.48,7.24,7.24
1635,2007-02-14,7.25,7.51,7.19,7.42
1634,2007-02-13,7.48,7.48,7.23,7.28
1633,2007-02-12,6.95,7.71,6.94,7.46
1632,2007-02-09,6.85,7.1,6.72,7.04
1631,2007-02-08,6.5,7.0,6.37,6.95
1630,2007-02-07,6.08,6.82,5.8,6.59
1629,2007-02-06,6.24,6.45,5.92,5.96
1628,2007-02-05,6.26,6.46,6.1,6.46
1627,2007-02-02,5.98,6.33,5.9,6.3
1626,2007-02-01,5.74,6.0,5.7,5.9
1625,2007-01-31,5.64,5.76,5.57,5.75
1624,2007-01-30,5.2,5.65,5.19,5.61
1623,2007-01-29,5.23,5.38,5.15,5.2
1622,2007-01-26,5.2,5.28,5.18,5.2
1621,2007-01-25,5.15,5.1756,5.14,5.16
1620,2007-01-24,5.2,5.2,5.12,5.15
1619,2007-01-23,5.27,5.31,5.12,5.18
1618,2007-01-22,5.25,5.31,5.22,5.22
1617,2007-01-19,5.4,5.4,5.19,5.2
1616,2007-01-18,5.4,5.42,5.29,5.3
1615,2007-01-17,5.31,5.42,5.31,5.41
1614,2007-01-16,5.39,5.409,5.25,5.29
1613,2007-01-12,5.4,5.4,5.33,5.33
1612,2007-01-11,5.3,5.44,5.26,5.37
1611,2007-01-10,5.5,5.51,5.26,5.31
1610,2007-01-09,5.62,5.62,5.4,5.45
1609,2007-01-08,5.6,5.65,5.57,5.57
1608,2007-01-05,5.6,5.65,5.42,5.59
1607,2007-01-04,5.5,5.58,5.48,5.56
1606,2007-01-03,5.99,6.0,5.37,5.46
1605,2006-12-29,5.75,5.91,5.75,5.86
1604,2006-12-28,5.71,5.85,5.71,5.75
1603,2006-12-27,5.63,5.8,5.63,5.74
1602,2006-12-26,5.82,5.95,5.59,5.6
1601,2006-12-22,5.8,5.99,5.8,5.91
1600,2006-12-21,5.82,5.95,5.78,5.85
1599,2006-12-20,5.92,6.01,5.74,5.77
1598,2006-12-19,6.0,6.03,5.92,5.94
1597,2006-12-18,5.96,5.96,5.9,5.94
1596,2006-12-15,5.93,5.95,5.9,5.9
1595,2006-12-14,5.98,6.05,5.9,5.97
1594,2006-12-13,6.01,6.05,5.99,6.0
1593,2006-12-12,5.97,6.0,5.961,5.97
1592,2006-12-11,6.02,6.04,5.87,6.0
1591,2006-12-08,6.03,6.25,6.01,6.01
1590,2006-12-07,6.2501,6.2501,6.03,6.04
1589,2006-12-06,6.21,6.33,6.18,6.22
1588,2006-12-05,6.23,6.44,6.22,6.25
1587,2006-12-04,6.01,6.27,6.01,6.27
1586,2006-12-01,6.02,6.09,5.98,6.05
1585,2006-11-30,6.03,6.1,5.9,5.97
1584,2006-11-29,6.08,6.08,5.95,6.0
1583,2006-11-28,5.88,6.09,5.88,5.99
1582,2006-11-27,6.0,6.04,5.85,5.92
1581,2006-11-24,5.99,6.02,5.95,5.98
1580,2006-11-22,5.99,6.19,5.97,6.04
1579,2006-11-21,6.12,6.25,5.87,6.02
1578,2006-11-20,6.17,6.24,6.0,6.18
1577,2006-11-17,6.42,6.42,6.1,6.17
1576,2006-11-16,6.44,6.54,6.36,6.5
1575,2006-11-15,6.64,6.68,6.41,6.48
1574,2006-11-14,6.89,6.93,6.59,6.67
1573,2006-11-13,6.85,6.9,6.82,6.86
1572,2006-11-10,6.8899,7.04,6.67,6.85
1571,2006-11-09,6.88,7.03,5.68,6.75
1570,2006-11-08,6.91,7.08,6.7,6.9
1569,2006-11-07,6.88,7.19,6.68,6.95
1568,2006-11-06,6.55,6.87,6.51,6.86
1567,2006-11-03,6.3,6.53,6.29,6.49
1566,2006-11-02,6.33,6.35,6.21,6.3
1565,2006-11-01,6.3,6.41,6.3,6.32
1564,2006-10-31,6.46,6.46,6.29,6.37
1563,2006-10-30,6.31,6.57,6.29,6.44
1562,2006-10-27,6.33,6.44,6.27,6.3
1561,2006-10-26,6.29,6.39,6.25,6.35
1560,2006-10-25,6.29,6.39,6.2766,6.29
1559,2006-10-24,6.34,6.45,6.25,6.32
1558,2006-10-23,6.43,6.52,6.21,6.33
1557,2006-10-20,6.5,6.52,6.43,6.43
1556,2006-10-19,6.35,6.56,6.35,6.53
1555,2006-10-18,6.29,6.39,6.26,6.38
1554,2006-10-17,6.349,6.35,6.28,6.3
1553,2006-10-16,6.34,6.34,6.26,6.34
1552,2006-10-13,6.29,6.4,6.25,6.28
1551,2006-10-12,6.27,6.38,6.11,6.29
1550,2006-10-11,6.44,6.48,6.27,6.29
1549,2006-10-10,6.33,6.52,6.33,6.5
1548,2006-10-09,6.35,6.49,6.2,6.35
1547,2006-10-06,6.65,6.68,6.35,6.4
1546,2006-10-05,6.63,6.8,6.58,6.69
1545,2006-10-04,6.86,7.02,6.6,6.6
1544,2006-10-03,6.93,6.93,6.87,6.9
1543,2006-10-02,7.02,7.05,6.86,6.91
1542,2006-09-29,6.99,7.18,6.955,7.02
1541,2006-09-28,7.04,7.11,6.9401,7.0
1540,2006-09-27,6.87,7.0,6.66,6.94
1539,2006-09-26,6.94,6.94,6.58,6.85
1538,2006-09-25,6.97,7.05,6.71,6.91
1537,2006-09-22,6.92,6.94,6.65,6.86
1536,2006-09-21,6.75,6.94,6.71,6.9
1535,2006-09-20,6.73,6.76,6.58,6.68
1534,2006-09-19,6.61,6.69,6.5,6.66
1533,2006-09-18,6.41,6.69,6.29,6.59
1532,2006-09-15,6.48,6.55,6.27,6.41
1531,2006-09-14,6.27,6.5,6.2516,6.43
1530,2006-09-13,5.79,6.43,5.79,6.25
1529,2006-09-12,5.82,5.9,5.76,5.77
1528,2006-09-11,5.72,6.0,5.69,5.85
1527,2006-09-08,5.46,5.73,5.46,5.7
1526,2006-09-07,5.44,5.53,5.3401,5.48
1525,2006-09-06,5.42,5.44,5.34,5.42
1524,2006-09-05,5.36,5.44,5.31,5.4
1523,2006-09-01,5.44,5.44,5.23,5.32
1522,2006-08-31,5.32,5.44,5.2032,5.38
1521,2006-08-30,5.0,5.51,5.0,5.32
1520,2006-08-29,5.01,5.15,5.0,5.0
1519,2006-08-28,5.13,5.18,5.03,5.03
1518,2006-08-25,5.25,5.25,5.13,5.13
1517,2006-08-24,5.21,5.31,5.1,5.3
1516,2006-08-23,5.14,5.18,5.1,5.17
1515,2006-08-22,5.16,5.2,5.05,5.14
1514,2006-08-21,5.05,5.17,5.05,5.13
1513,2006-08-18,5.12,5.13,4.97,5.09
1512,2006-08-17,4.91,5.181,4.89,5.08
1511,2006-08-16,5.21,5.25,4.95,4.95
1510,2006-08-15,4.98,5.18,4.87,5.18
1509,2006-08-14,5.16,5.24,4.96,5.0
1508,2006-08-11,5.22,5.26,5.21,5.25
1507,2006-08-10,5.22,5.33,5.21,5.25
1506,2006-08-09,5.38,5.5,5.18,5.19
1505,2006-08-08,5.7,5.78,5.36,5.38
1504,2006-08-07,5.85,5.89,5.75,5.86
1503,2006-08-04,5.71,5.879,5.71,5.81
1502,2006-08-03,5.65,5.88,5.64,5.76
1501,2006-08-02,5.85,5.85,5.5,5.69
1500,2006-08-01,5.8,5.87,5.76,5.83
1499,2006-07-31,5.78,5.9,5.78,5.84
1498,2006-07-28,5.75,5.86,5.71,5.78
1497,2006-07-27,5.79,5.85,5.74,5.78
1496,2006-07-26,5.86,5.87,5.76,5.82
1495,2006-07-25,5.6999,5.96,5.66,5.82
1494,2006-07-24,5.71,5.89,5.7,5.79
1493,2006-07-21,5.78,5.79,5.66,5.74
1492,2006-07-20,6.03,6.07,5.71,5.75
1491,2006-07-19,5.97,6.1,5.95,6.03
1490,2006-07-18,5.92,6.02,5.85,6.0
1489,2006-07-17,6.0,6.0,5.843,5.8701
1488,2006-07-14,5.96,6.0,5.91,5.95
1487,2006-07-13,5.98,6.01,5.95,5.99
1486,2006-07-12,5.92,6.09,5.88,5.98
1485,2006-07-11,5.85,6.02,5.81,5.95
1484,2006-07-10,5.83,5.89,5.81,5.84
1483,2006-07-07,5.95,6.039,5.84,5.84
1482,2006-07-06,6.25,6.31,5.96,5.96
1481,2006-07-05,6.31,6.42,6.23,6.25
1480,2006-07-03,6.37,6.4,6.27,6.3
1479,2006-06-30,6.19,6.45,6.18,6.4
1478,2006-06-29,6.17,6.46,6.16,6.24
1477,2006-06-28,6.5,6.52,6.1,6.2
1476,2006-06-27,6.7,6.71,6.51,6.51
1475,2006-06-26,6.81,6.81,6.69,6.75
1474,2006-06-23,6.96,6.96,6.71,6.73
1473,2006-06-22,6.85,6.94,6.81,6.93
1472,2006-06-21,6.65,6.97,6.65,6.9
1471,2006-06-20,6.73,6.74,6.68,6.68
1470,2006-06-19,6.87,7.0,6.64,6.77
1469,2006-06-16,6.911,6.99,6.87,6.9
1468,2006-06-15,6.81,7.03,6.8,6.93
1467,2006-06-14,6.83,6.89,6.76,6.77
1466,2006-06-13,6.87,6.87,6.66,6.8
1465,2006-06-12,6.86,6.96,6.76,6.84
1464,2006-06-09,6.78,6.84,6.78,6.84
1463,2006-06-08,6.88,6.88,6.69,6.83
1462,2006-06-07,6.85,6.91,6.8,6.85
1461,2006-06-06,7.02,7.02,6.8,6.82
1460,2006-06-05,6.93,7.05,6.87,7.05
1459,2006-06-02,6.95,7.12,6.94,7.0
1458,2006-06-01,7.14,7.14,6.95,7.0
1457,2006-05-31,7.21,7.21,6.98,7.09
1456,2006-05-30,7.13,7.24,7.0101,7.24
1455,2006-05-26,7.09,7.18,7.05,7.1
1454,2006-05-25,7.136,7.2,7.08,7.14
1453,2006-05-24,7.26,7.26,7.06,7.18
1452,2006-05-23,7.26,7.42,7.22,7.24
1451,2006-05-22,7.21,7.34,7.08,7.28
1450,2006-05-19,7.1,7.25,6.97,7.19
1449,2006-05-18,6.75,7.3,6.75,7.06
1448,2006-05-17,6.7,6.95,6.65,6.75
1447,2006-05-16,6.8,6.875,6.65,6.72
1446,2006-05-15,7.18,7.2,6.81,6.83
1445,2006-05-12,7.0,7.26,6.9,7.16
1444,2006-05-11,7.0,7.19,6.95,7.0
1443,2006-05-10,7.0,7.1,6.95,7.04
1442,2006-05-09,7.27,7.27,6.9,7.05
1441,2006-05-08,7.41,7.46,7.3,7.34
1440,2006-05-05,7.57,7.57,7.36,7.41
1439,2006-05-04,7.52,7.75,7.49,7.59
1438,2006-05-03,7.6,7.6,7.49,7.55
1437,2006-05-02,7.7,7.85,7.56,7.6
1436,2006-05-01,7.71,7.88,7.65,7.72
1435,2006-04-28,7.31,7.77,7.17,7.63
1434,2006-04-27,7.43,7.46,7.31,7.32
1433,2006-04-26,7.47,7.56,7.42,7.43
1432,2006-04-25,7.35,7.55,7.32,7.45
1431,2006-04-24,7.46,7.51,7.36,7.37
1430,2006-04-21,7.57,7.68,7.45,7.48
1429,2006-04-20,7.6,7.69,7.52,7.53
1428,2006-04-19,7.66,7.9,7.47,7.58
1427,2006-04-18,7.77,7.84,7.66,7.67
1426,2006-04-17,7.88,7.9,7.78,7.78
1425,2006-04-13,7.78,7.91,7.78,7.9
1424,2006-04-12,8.0,8.099,7.76,7.76
1423,2006-04-11,8.159,8.22,8.0,8.12
1422,2006-04-10,8.05,8.15,8.006,8.05
1421,2006-04-07,8.14,8.22,7.94,8.03
1420,2006-04-06,7.999,8.237,7.98,8.15
1419,2006-04-05,7.96,8.0,7.83,8.0
1418,2006-04-04,7.75,8.0,7.71,7.94
1417,2006-04-03,7.89,7.89,7.73,7.77
1416,2006-03-31,7.83,7.95,7.74,7.81
1415,2006-03-30,7.969,7.98,7.84,7.9
1414,2006-03-29,7.88,8.17,7.84,7.86
1413,2006-03-28,7.46,8.14,7.45,7.86
1412,2006-03-27,7.27,7.45,7.16,7.44
1411,2006-03-24,7.48,7.5,7.23,7.25
1410,2006-03-23,7.33,7.65,7.33,7.46
1409,2006-03-22,7.3,7.64,7.29,7.37
1408,2006-03-21,7.43,7.47,7.28,7.37
1407,2006-03-20,7.0,7.51,6.99,7.39
1406,2006-03-17,6.99,7.02,6.86,6.99
1405,2006-03-16,7.05,7.1244,6.89,7.01
1404,2006-03-15,7.14,7.199,7.06,7.08
1403,2006-03-14,7.06,7.21,7.05,7.18
1402,2006-03-13,7.06,7.12,7.03,7.06
1401,2006-03-10,7.111,7.22,6.94,7.03
1400,2006-03-09,7.09,7.23,7.07,7.19
1399,2006-03-08,7.3,7.3,7.0,7.13
1398,2006-03-07,7.33,7.4,7.25,7.28
1397,2006-03-06,7.51,7.56,7.31,7.33
1396,2006-03-03,7.58,7.62,7.4,7.55
1395,2006-03-02,7.55,7.63,7.5,7.56
1394,2006-03-01,7.35,7.54,7.35,7.51
1393,2006-02-28,7.45,7.47,7.34,7.35
1392,2006-02-27,7.44,7.57,7.42,7.49
1391,2006-02-24,7.36,7.47,7.27,7.47
1390,2006-02-23,7.75,7.75,7.3,7.4
1389,2006-02-22,7.75,7.76,7.63,7.72
1388,2006-02-21,8.05,8.05,7.76,7.76
1387,2006-02-17,7.94,8.22,7.84,8.0
1386,2006-02-16,7.67,8.01,7.6,7.94
1385,2006-02-15,7.61,7.7,7.55,7.69
1384,2006-02-14,7.75,7.76,7.35,7.68
1383,2006-02-13,7.72,7.95,7.72,7.81
1382,2006-02-10,7.55,7.9,7.55,7.77
1381,2006-02-09,7.48,7.72,7.26,7.51
1380,2006-02-08,7.69,7.83,7.57,7.75
1379,2006-02-07,7.79,7.8,7.59,7.65
1378,2006-02-06,7.87,7.94,7.76,7.78
1377,2006-02-03,7.86,7.99,7.8,7.82
1376,2006-02-02,7.9,8.09,7.8,7.82
1375,2006-02-01,7.93,7.95,7.8,7.83
1374,2006-01-31,7.82,8.09,7.82,7.9
1373,2006-01-30,7.9,7.95,7.578,7.86
1372,2006-01-27,7.91,8.0,7.9,7.93
1371,2006-01-26,7.85,7.9705,7.82,7.9
1370,2006-01-25,8.06,8.13,7.75,7.85
1369,2006-01-24,8.1,8.13,8.06,8.1
1368,2006-01-23,7.99,8.25,7.98,8.13
1367,2006-01-20,7.54,8.0,7.54,7.98
1366,2006-01-19,7.66,7.66,7.48,7.5
1365,2006-01-18,7.49,7.69,7.49,7.61
1364,2006-01-17,7.52,7.69,7.43,7.66
1363,2006-01-13,7.69,7.69,7.56,7.67
1362,2006-01-12,7.49,7.81,7.4,7.7
1361,2006-01-11,7.51,7.62,7.37,7.6
1360,2006-01-10,7.33,7.49,7.26,7.46
1359,2006-01-09,7.3,7.35,7.26,7.31
1358,2006-01-06,7.15,7.42,7.15,7.31
1357,2006-01-05,7.12,7.18,7.07,7.15
1356,2006-01-04,7.2,7.28,7.12,7.19
1355,2006-01-03,7.15,7.31,7.15,7.25
1354,2005-12-30,7.3,7.35,7.12,7.15
1353,2005-12-29,7.65,7.666,7.4,7.4
1352,2005-12-28,7.12,7.64,7.05,7.59
1351,2005-12-27,7.0,7.19,6.98,7.13
1350,2005-12-23,6.95,7.05,6.9,7.01
1349,2005-12-22,7.13,7.23,6.92,6.95
1348,2005-12-21,7.65,7.65,7.13,7.15
1347,2005-12-20,7.71,7.88,7.51,7.61
1346,2005-12-19,7.5,7.81,7.3901,7.64
1345,2005-12-16,7.6,7.74,7.51,7.54
1344,2005-12-15,7.74,7.87,7.6,7.64
1343,2005-12-14,7.9,7.9,7.65,7.755
1342,2005-12-13,7.87,7.99,7.83,7.88
1341,2005-12-12,7.75,7.95,7.75,7.9
1340,2005-12-09,7.66,7.88,7.53,7.81
1339,2005-12-08,7.65,7.87,7.55,7.63
1338,2005-12-07,7.87,7.87,7.68,7.72
1337,2005-12-06,8.07,8.07,7.89,7.94
1336,2005-12-05,8.11,8.11,7.92,8.03
1335,2005-12-02,8.19,8.22,8.17,8.21
1334,2005-12-01,8.23,8.29,8.19,8.2
1333,2005-11-30,7.92,8.26,7.92,8.21
1332,2005-11-29,8.02,8.04,7.91,7.96
1331,2005-11-28,8.48,8.48,7.93,8.0
1330,2005-11-25,8.19,8.48,8.19,8.4
1329,2005-11-23,8.23,8.38,8.23,8.29
1328,2005-11-22,8.25,8.3,8.12,8.25
1327,2005-11-21,8.21,8.25,8.06,8.25
1326,2005-11-18,7.95,8.17,7.91,8.17
1325,2005-11-17,7.9,7.94,7.81,7.94
1324,2005-11-16,7.85,7.94,7.35,7.86
1323,2005-11-15,7.54,7.84,7.5,7.74
1322,2005-11-14,7.54,7.61,7.5,7.54
1321,2005-11-11,7.5,7.67,7.49,7.65
1320,2005-11-10,7.21,7.71,7.16,7.47
1319,2005-11-09,7.0,7.27,7.0,7.25
1318,2005-11-08,6.96,7.14,6.91,7.1
1317,2005-11-07,6.62,6.96,6.6,6.88
1316,2005-11-04,6.98,7.02,6.5,6.605
1315,2005-11-03,7.1,7.151,6.97,7.0
1314,2005-11-02,7.23,7.3,6.96,7.0
1313,2005-11-01,7.2,7.39,7.2,7.27
1312,2005-10-31,7.36,7.4,7.2,7.23
1311,2005-10-28,7.28,7.38,7.28,7.35
1310,2005-10-27,7.33,7.44,7.25,7.25
1309,2005-10-26,7.34,7.5,7.3,7.37
1308,2005-10-25,7.55,7.62,7.25,7.32
1307,2005-10-24,7.12,7.61,7.09,7.52
1306,2005-10-21,7.29,7.29,6.82,7.09
1305,2005-10-20,7.26,7.4,7.23,7.26
1304,2005-10-19,7.39,7.39,7.22,7.3
1303,2005-10-18,7.16,7.45,7.16,7.43
1302,2005-10-17,7.23,7.33,7.15,7.15
1301,2005-10-14,6.9,7.38,6.75,7.33
1300,2005-10-13,7.08,7.26,6.97,7.22
1299,2005-10-12,7.25,7.25,6.99,7.06
1298,2005-10-11,7.62,7.65,7.19,7.2
1297,2005-10-10,7.48,7.63,7.36,7.61
1296,2005-10-07,7.9,7.94,7.25,7.36
1295,2005-10-06,8.06,8.06,7.91,7.94
1294,2005-10-05,8.0,8.11,7.99,8.1
1293,2005-10-04,8.12,8.17,7.98,8.0
1292,2005-10-03,8.11,8.24,8.08,8.12
1291,2005-09-30,8.16,8.29,8.01,8.17
1290,2005-09-29,8.26,8.43,8.15,8.2
1289,2005-09-28,8.4,8.56,7.97,8.3
1288,2005-09-27,8.64,8.64,8.28,8.3
1287,2005-09-26,8.53,8.73,8.53,8.71
1286,2005-09-23,8.4,8.57,8.29,8.5
1285,2005-09-22,8.25,8.52,8.25,8.5
1284,2005-09-21,8.33,8.37,8.18,8.25
1283,2005-09-20,8.77,8.83,8.31,8.46
1282,2005-09-19,8.68,8.9,8.65,8.75
1281,2005-09-16,8.79,8.93,8.56,8.7
1280,2005-09-15,8.92,8.9399,8.78,8.82
1279,2005-09-14,9.08,9.19,8.87,8.93
1278,2005-09-13,9.22,9.26,8.99,9.07
1277,2005-09-12,9.38,9.5,9.21,9.22
1276,2005-09-09,9.35,9.5,9.25,9.42
1275,2005-09-08,9.3,9.42,9.2,9.28
1274,2005-09-07,9.15,9.48,9.15,9.41
1273,2005-09-06,9.3,9.31,9.16,9.17
1272,2005-09-02,9.45,9.45,9.2,9.28
1271,2005-09-01,9.32,9.44,9.18,9.44
1270,2005-08-31,9.22,9.39,9.18,9.25
1269,2005-08-30,9.31,9.4,9.19,9.24
1268,2005-08-29,9.46,9.55,9.28,9.32
1267,2005-08-26,9.44,9.58,9.44,9.5
1266,2005-08-25,9.3,9.55,9.11,9.51
1265,2005-08-24,9.44,9.55,9.433,9.55
1264,2005-08-23,9.5,9.5,9.36,9.43
1263,2005-08-22,9.6,9.6,9.35,9.52
1262,2005-08-19,9.56,9.65,9.2,9.55
1261,2005-08-18,9.51,9.65,9.4,9.56
1260,2005-08-17,9.1,9.54,9.05,9.37
1259,2005-08-16,8.9,9.21,8.9,9.1
1258,2005-08-15,9.05,9.08,8.91,9.0
1257,2005-08-12,8.95,9.34,8.94,9.03
1256,2005-08-11,8.0,9.2,7.74,9.09
1255,2005-08-10,7.7,7.75,7.65,7.73
1254,2005-08-09,7.54,7.699,7.4,7.69
1253,2005-08-08,7.39,7.63,7.39,7.42
1252,2005-08-05,7.65,7.84,7.41,7.43
1251,2005-08-04,7.5,8.24,7.12,7.81
1250,2005-08-03,7.59,7.73,7.25,7.43
1249,2005-08-02,7.25,7.78,7.25,7.59
1248,2005-08-01,7.63,7.65,7.1,7.2
1247,2005-07-29,7.36,7.63,7.25,7.62
1246,2005-07-28,7.33,7.52,7.19,7.31
1245,2005-07-27,7.735,7.75,6.99,7.13
1244,2005-07-26,7.74,7.8399,7.7,7.7
1243,2005-07-25,7.36,7.87,7.35,7.76
1242,2005-07-22,7.3,7.45,7.3,7.35
1241,2005-07-21,7.43,7.43,7.18,7.3
1240,2005-07-20,6.82,7.45,6.82,7.37
1239,2005-07-19,6.76,6.9,6.68,6.84
1238,2005-07-18,7.06,7.1,6.71,6.75
1237,2005-07-15,7.11,7.2,7.1,7.11
1236,2005-07-14,7.35,7.35,7.09,7.1
1235,2005-07-13,7.2,7.32,7.2,7.27
1234,2005-07-12,7.4,7.44,7.08,7.25
1233,2005-07-11,7.15,7.47,7.11,7.43
1232,2005-07-08,6.69,7.24,6.64,7.15
1231,2005-07-07,6.62,6.72,6.55,6.7
1230,2005-07-06,6.59,6.64,6.5,6.57
1229,2005-07-05,6.45,6.63,6.35,6.6
1228,2005-07-01,6.33,6.42,6.32,6.36
1227,2005-06-30,6.19,6.35,6.09,6.26
1226,2005-06-29,6.18,6.28,6.12,6.25
1225,2005-06-28,6.2,6.41,6.1,6.11
1224,2005-06-27,6.58,6.59,6.12,6.18
1223,2005-06-24,6.55,6.81,6.55,6.58
1222,2005-06-23,6.61,6.85,6.55,6.61
1221,2005-06-22,6.79,6.87,6.43,6.63
1220,2005-06-21,6.99,6.99,6.68,6.79
1219,2005-06-20,6.94,7.15,6.75,6.96
1218,2005-06-17,7.11,7.15,6.89,6.97
1217,2005-06-16,7.04,7.129,6.97,7.06
1216,2005-06-15,6.26,7.23,6.22,7.05
1215,2005-06-14,6.04,6.34,6.04,6.25
1214,2005-06-13,6.18,6.29,6.04,6.08
1213,2005-06-10,6.27,6.36,6.22,6.22
1212,2005-06-09,6.36,6.67,6.06,6.29
1211,2005-06-08,6.14,6.59,6.05,6.44
1210,2005-06-07,6.3,6.39,6.07,6.15
1209,2005-06-06,6.66,6.66,6.32,6.33
1208,2005-06-03,6.85,7.09,6.59,6.65
1207,2005-06-02,6.65,7.2,6.65,6.86
1206,2005-06-01,6.7,7.19,6.68,6.78
1205,2005-05-31,7.17,7.51,6.73,6.73
1204,2005-05-27,7.37,7.42,7.17,7.17
1203,2005-05-26,7.18,7.78,7.18,7.44
1202,2005-05-25,7.26,7.28,7.15,7.16
1201,2005-05-24,7.1,7.3,7.054,7.21
1200,2005-05-23,7.68,7.68,7.12,7.2
1199,2005-05-20,7.51,7.65,7.25,7.6
1198,2005-05-19,7.47,7.75,7.45,7.52
1197,2005-05-18,7.46,7.62,7.254,7.43
1196,2005-05-17,7.35,7.42,7.31,7.39
1195,2005-05-16,6.96,7.39,6.96,7.29
1194,2005-05-13,7.0,7.23,6.9,6.96
1193,2005-05-12,6.7,7.09,6.52,7.0
1192,2005-05-11,6.26,6.75,6.11,6.65
1191,2005-05-10,5.92,6.4,5.6,6.22
1190,2005-05-09,9.02,9.15,8.93,9.0
1189,2005-05-06,9.23,9.23,9.05,9.09
1188,2005-05-05,9.3,9.3,9.01,9.14
1187,2005-05-04,9.06,9.391,9.01,9.36
1186,2005-05-03,9.25,9.25,8.98,9.0
1185,2005-05-02,9.28,9.29,9.05,9.23
1184,2005-04-29,9.12,9.28,8.96,9.19
1183,2005-04-28,9.09,9.14,8.88,8.88
1182,2005-04-27,9.09,9.2,9.09,9.17
1181,2005-04-26,9.37,9.49,9.13,9.15
1180,2005-04-25,9.37,9.75,9.29,9.36
1179,2005-04-22,9.39,9.52,9.35,9.38
1178,2005-04-21,9.43,9.57,9.38,9.45
1177,2005-04-20,9.68,9.73,9.33,9.33
1176,2005-04-19,10.01,10.14,9.6,9.67
1175,2005-04-18,9.8,10.11,9.77,9.9
1174,2005-04-15,9.84,9.95,9.71,9.71
1173,2005-04-14,9.93,10.02,9.84,9.84
1172,2005-04-13,9.92,10.2,9.9,9.99
1171,2005-04-12,10.0,10.1,9.85,9.97
1170,2005-04-11,10.09,10.23,10.0,10.0
1169,2005-04-08,10.38,10.38,10.05,10.12
1168,2005-04-07,10.45,10.45,10.27,10.385
1167,2005-04-06,10.01,10.55,10.01,10.43
1166,2005-04-05,10.36,10.38,10.02,10.05
1165,2005-04-04,10.27,10.34,10.05,10.29
1164,2005-04-01,10.28,10.62,10.21,10.22
1163,2005-03-31,10.32,10.37,10.05,10.31
1162,2005-03-30,10.09,10.37,10.05,10.36
1161,2005-03-29,10.19,10.28,9.97,10.01
1160,2005-03-28,10.22,10.28,10.1,10.18
1159,2005-03-24,10.25,10.68,10.1,10.14
1158,2005-03-23,10.48,10.5,10.14,10.18
1157,2005-03-22,10.49,10.75,10.46,10.53
1156,2005-03-21,10.61,10.83,10.45,10.58
1155,2005-03-18,10.69,10.8,10.21,10.55
1154,2005-03-17,10.67,10.89,10.53,10.61
1153,2005-03-16,10.71,11.0,10.7,10.75
1152,2005-03-15,11.05,11.07,10.66,10.83
1151,2005-03-14,10.94,11.0,10.75,10.95
1150,2005-03-11,11.0,11.37,10.91,11.0
1149,2005-03-10,11.07,11.07,10.84,11.02
1148,2005-03-09,11.04,11.07,10.95,11.05
1147,2005-03-08,11.05,11.24,11.05,11.08
1146,2005-03-07,11.26,11.34,11.17,11.2
1145,2005-03-04,11.55,11.57,11.14,11.26
1144,2005-03-03,11.17,11.57,11.01,11.39
1143,2005-03-02,11.31,11.724,11.0,11.09
1142,2005-03-01,10.67,11.5,10.67,11.45
1141,2005-02-28,10.78,10.8,10.5,10.74
1140,2005-02-25,10.74,10.84,10.74,10.82
1139,2005-02-24,10.43,10.92,10.35,10.84
1138,2005-02-23,10.31,10.59,10.17,10.55
1137,2005-02-22,10.0,10.8,10.0,10.19
1136,2005-02-18,9.91,10.52,9.81,10.04
1135,2005-02-17,10.7,10.83,10.0,10.0
1134,2005-02-16,10.5,10.94,10.5,10.8
1133,2005-02-15,10.8,10.89,10.4,10.51
1132,2005-02-14,10.48,10.85,10.35,10.68
1131,2005-02-11,10.4,10.53,10.25,10.46
1130,2005-02-10,10.7,10.72,10.25,10.41
1129,2005-02-09,10.95,11.01,10.55,10.7
1128,2005-02-08,11.06,11.17,10.92,11.03
1127,2005-02-07,11.19,11.23,10.98,11.166
1126,2005-02-04,10.92,11.35,10.85,11.19
1125,2005-02-03,10.91,11.07,10.91,10.98
1124,2005-02-02,11.12,11.15,10.75,10.91
1123,2005-02-01,10.33,11.13,10.25,11.13
1122,2005-01-31,9.99,10.3,9.99,10.285
1121,2005-01-28,10.25,10.25,10.049,10.2
1120,2005-01-27,10.39,10.4,10.2,10.32
1119,2005-01-26,10.27,10.38,10.18,10.35
1118,2005-01-25,10.13,10.28,10.06,10.14
1117,2005-01-24,10.1,10.28,10.05,10.06
1116,2005-01-21,10.11,10.15,9.92,10.05
1115,2005-01-20,10.11,10.31,10.0,10.06
1114,2005-01-19,10.23,10.4,10.1,10.18
1113,2005-01-18,10.12,10.4,9.85,10.24
1112,2005-01-14,10.12,10.25,10.05,10.095
1111,2005-01-13,10.25,10.25,10.004,10.09
1110,2005-01-12,10.24,10.34,9.81,10.05
1109,2005-01-11,9.89,10.3,9.86,10.25
1108,2005-01-10,9.69,10.22,9.69,9.96
1107,2005-01-07,9.9,9.9,9.6,9.74
1106,2005-01-06,9.75,9.88,9.65,9.81
1105,2005-01-05,10.12,10.12,9.65,9.77
1104,2005-01-04,10.39,10.45,9.98,10.07
1103,2005-01-03,10.56,10.61,10.12,10.25
1102,2004-12-31,10.46,10.61,10.4,10.48
1101,2004-12-30,10.29,10.68,10.27,10.41
1100,2004-12-29,10.42,10.53,10.37,10.41
1099,2004-12-28,10.35,10.63,10.34,10.46
1098,2004-12-27,10.26,10.48,10.13,10.32
1097,2004-12-23,10.02,10.21,9.96,10.18
1096,2004-12-22,10.2,10.3,9.79,9.95
1095,2004-12-21,10.15,10.35,10.07,10.25
1094,2004-12-20,10.17,10.45,10.04,10.1
1093,2004-12-17,10.32,10.39,10.08,10.17
1092,2004-12-16,10.26,10.4,10.14,10.25
1091,2004-12-15,10.3,10.42,10.15,10.27
1090,2004-12-14,9.99,10.45,9.91,10.27
1089,2004-12-13,9.85,10.04,9.74,9.95
1088,2004-12-10,9.72,9.74,9.441,9.74
1087,2004-12-09,9.83,9.88,9.43,9.59
1086,2004-12-08,9.83,10.0,9.78,9.845
1085,2004-12-07,9.84,10.1,9.74,9.76
1084,2004-12-06,9.7,10.0,9.7,9.79
1083,2004-12-03,9.8,9.9,9.7,9.75
1082,2004-12-02,9.67,10.08,9.65,9.81
1081,2004-12-01,9.38,9.66,9.37,9.6
1080,2004-11-30,9.48,9.54,9.3,9.3
1079,2004-11-29,9.25,9.47,9.15,9.43
1078,2004-11-26,9.3,9.43,8.989,9.16
1077,2004-11-24,9.35,9.6,9.25,9.38
1076,2004-11-23,9.09,9.43,9.02,9.38
1075,2004-11-22,9.0,9.1,8.74,8.95
1074,2004-11-19,9.15,9.15,8.95,9.0
1073,2004-11-18,8.91,9.19,8.91,9.17
1072,2004-11-17,9.65,9.67,8.8,9.01
1071,2004-11-16,8.15,9.96,8.01,9.72
1070,2004-11-15,7.83,7.83,7.61,7.71
1069,2004-11-12,7.75,7.78,7.52,7.77
1068,2004-11-11,7.72,7.76,7.55,7.71
1067,2004-11-10,7.24,7.75,7.2,7.72
1066,2004-11-09,7.25,7.3,7.12,7.2
1065,2004-11-08,7.41,7.65,7.25,7.29
1064,2004-11-05,7.5,7.53,7.41,7.47
1063,2004-11-04,7.56,7.65,7.47,7.54
1062,2004-11-03,7.62,7.74,7.4,7.6
1061,2004-11-02,7.6,7.7,7.55,7.62
1060,2004-11-01,7.72,7.81,7.51,7.56
1059,2004-10-29,7.625,7.77,7.55,7.75
1058,2004-10-28,7.26,7.85,7.24,7.6
1057,2004-10-27,7.2,7.4,6.95,7.25
1056,2004-10-26,7.35,7.44,7.18,7.21
1055,2004-10-25,7.25,7.55,7.07,7.34
1054,2004-10-22,7.78,7.78,7.26,7.29
1053,2004-10-21,7.85,7.86,7.62,7.69
1052,2004-10-20,7.77,7.89,7.7,7.81
1051,2004-10-19,8.1,8.1,7.77,7.8
1050,2004-10-18,7.91,8.1,7.7,8.07
1049,2004-10-15,7.75,7.94,7.73,7.88
1048,2004-10-14,7.9,7.94,7.711,7.75
1047,2004-10-13,8.1,8.14,7.85,7.87
1046,2004-10-12,8.07,8.15,7.95,7.95
1045,2004-10-11,8.0,8.18,7.95,8.12
1044,2004-10-08,7.95,8.19,7.85,8.01
1043,2004-10-07,8.0,8.02,7.82,7.93
1042,2004-10-06,8.1,8.17,7.76,7.91
1041,2004-10-05,8.04,8.19,7.97,8.02
1040,2004-10-04,8.12,8.47,7.98,8.03
1039,2004-10-01,7.849,8.3,7.849,8.09
1038,2004-09-30,8.25,8.4,7.85,8.02
1037,2004-09-29,8.53,8.66,8.25,8.26
1036,2004-09-28,8.74,8.8,8.35,8.61
1035,2004-09-27,8.71,8.89,8.57,8.57
1034,2004-09-24,8.79,8.87,8.6,8.71
1033,2004-09-23,8.9,9.05,8.73,8.73
1032,2004-09-22,8.96,9.05,8.75,8.77
1031,2004-09-21,9.15,9.15,8.89,8.97
1030,2004-09-20,9.1,9.18,8.99,9.0
1029,2004-09-17,9.44,9.51,9.1,9.1
1028,2004-09-16,9.05,9.34,8.99,9.24
1027,2004-09-15,9.05,9.05,8.85,8.94
1026,2004-09-14,9.21,9.25,8.85,9.0
1025,2004-09-13,9.95,9.95,9.25,9.26
1024,2004-09-10,9.8,10.0,9.75,10.0
1023,2004-09-09,9.7,9.9,9.63,9.81
1022,2004-09-08,9.85,9.95,9.6,9.77
1021,2004-09-07,9.94,10.03,9.73,9.87
1020,2004-09-03,10.04,10.08,9.8,9.99
1019,2004-09-02,9.75,10.05,9.65,9.93
1018,2004-09-01,9.95,10.5,9.65,9.72
1017,2004-08-31,9.63,10.1,9.52,9.93
1016,2004-08-30,10.15,10.15,9.53,9.62
1015,2004-08-27,9.82,10.2,9.76,10.18
1014,2004-08-26,9.99,10.0,9.75,9.82
1013,2004-08-25,9.73,10.11,9.64,9.95
1012,2004-08-24,9.45,9.85,9.44,9.74
1011,2004-08-23,9.9,9.94,9.22,9.4
1010,2004-08-20,9.91,9.95,9.75,9.91
1009,2004-08-19,9.29,9.82,9.2,9.69
1008,2004-08-18,9.14,9.44,9.14,9.44
1007,2004-08-17,9.45,9.45,9.15,9.24
1006,2004-08-16,9.19,9.55,9.19,9.315
1005,2004-08-13,9.24,9.65,9.1,9.11
1004,2004-08-12,9.21,9.5,9.15,9.22
1003,2004-08-11,9.2,9.6,9.13,9.25
1002,2004-08-10,9.12,9.59,9.12,9.34
1001,2004-08-09,8.8,9.53,8.74,9.18
1000,2004-08-06,9.06,9.12,8.75,8.75
999,2004-08-05,9.32,9.56,9.08,9.08
998,2004-08-04,9.32,9.6,9.17,9.24
997,2004-08-03,9.8,9.8,9.35,9.35
996,2004-08-02,9.72,9.72,9.72,9.72
995,2004-07-30,9.55,9.76,9.49,9.72
994,2004-07-29,9.06,9.54,9.05,9.54
993,2004-07-28,8.45,9.07,8.0,9.0
992,2004-07-27,8.75,8.97,8.11,8.44
991,2004-07-26,9.08,9.17,8.73,8.83
990,2004-07-23,9.95,9.95,8.78,8.99
989,2004-07-22,10.0,10.3,9.71,9.79
988,2004-07-21,10.45,10.75,9.96,10.0
987,2004-07-20,10.16,10.54,10.07,10.5
986,2004-07-19,9.85,10.18,9.8,10.101
985,2004-07-16,9.91,9.92,9.7,9.75
984,2004-07-15,9.72,9.9,9.5,9.8
983,2004-07-14,9.69,9.75,9.46,9.65
982,2004-07-13,9.95,9.96,9.7,9.77
981,2004-07-12,10.11,10.18,9.78,9.96
980,2004-07-09,9.94,10.27,9.94,10.15
979,2004-07-08,10.23,10.32,9.84,9.88
978,2004-07-07,10.35,10.42,10.19,10.23
977,2004-07-06,10.45,10.5,9.96,10.33
976,2004-07-02,10.31,10.7,10.26,10.66
975,2004-07-01,10.76,10.95,10.25,10.31
974,2004-06-30,10.82,10.85,10.25,10.73
973,2004-06-29,9.78,10.87,9.78,10.77
972,2004-06-28,9.81,10.0,9.71,9.75
971,2004-06-25,9.7,10.015,9.69,10.0
970,2004-06-24,9.75,9.85,9.65,9.68
969,2004-06-23,9.73,9.85,9.7,9.75
968,2004-06-22,9.68,9.8,9.57,9.7
967,2004-06-21,9.75,9.86,9.68,9.68
966,2004-06-18,9.61,9.8,9.52,9.75
965,2004-06-17,9.81,10.0,9.65,9.68
964,2004-06-16,9.08,10.01,8.96,9.41
963,2004-06-15,8.91,9.25,8.91,9.0
962,2004-06-14,9.1,9.1,8.84,8.86
961,2004-06-10,9.01,9.25,8.99,9.02
960,2004-06-09,9.1,9.25,9.0,9.04
959,2004-06-08,9.6,9.66,8.95,9.07
958,2004-06-07,9.45,9.7,9.33,9.69
957,2004-06-04,9.4,9.61,9.26,9.4
956,2004-06-03,9.38,9.49,9.25,9.26
955,2004-06-02,9.3,9.47,9.08,9.39
954,2004-06-01,9.15,9.25,9.0,9.22
953,2004-05-28,9.12,9.32,9.08,9.18
952,2004-05-27,9.43,9.49,9.06,9.15
951,2004-05-26,9.06,9.45,9.03,9.35
950,2004-05-25,9.17,9.2,8.95,9.1
949,2004-05-24,9.41,9.51,9.0,9.0
948,2004-05-21,9.18,9.38,9.11,9.36
947,2004-05-20,9.2,10.0,9.0,9.05
946,2004-05-19,9.0,9.16,8.97,9.07
945,2004-05-18,8.55,8.9,8.55,8.9
944,2004-05-17,8.65,8.65,8.44,8.45
943,2004-05-14,9.0045,9.08,8.56,8.56
942,2004-05-13,9.02,9.1,8.86,9.01
941,2004-05-12,9.25,9.36,8.3,9.02
940,2004-05-11,9.15,9.37,9.09,9.35
939,2004-05-10,9.2,9.4,9.0,9.01
938,2004-05-07,9.31,9.61,9.17,9.17
937,2004-05-06,9.5,9.58,9.01,9.251
936,2004-05-05,9.49,9.79,9.45,9.52
935,2004-05-04,9.54,9.59,9.15,9.44
934,2004-05-03,9.54,9.68,9.38,9.5
933,2004-04-30,9.6,9.73,9.31,9.52
932,2004-04-29,9.575,9.98,9.51,9.58
931,2004-04-28,10.35,10.35,9.55,9.55
930,2004-04-27,10.05,10.5,10.0,10.38
929,2004-04-26,10.09,10.24,10.0,10.04
928,2004-04-23,10.4,10.43,9.76,9.95
927,2004-04-22,10.21,10.3,10.05,10.15
926,2004-04-21,10.0,10.25,9.81,10.23
925,2004-04-20,10.14,10.15,9.85,9.96
924,2004-04-19,9.745,10.1,9.55,10.05
923,2004-04-16,9.3,9.77,9.3,9.72
922,2004-04-15,9.26,10.12,8.95,9.27
921,2004-04-14,8.71,9.5,8.67,9.14
920,2004-04-13,9.72,9.76,8.5,8.7
919,2004-04-12,10.25,10.38,9.45,9.5
918,2004-04-08,10.495,10.7,10.16,10.16
917,2004-04-07,10.99,11.01,10.34,10.46
916,2004-04-06,11.61,11.61,10.92,10.99
915,2004-04-05,11.025,11.52,10.93,11.52
914,2004-04-02,11.34,11.45,10.83,11.2
913,2004-04-01,11.44,11.6,11.02,11.23
912,2004-03-31,11.46,11.48,11.2,11.35
911,2004-03-30,11.4,11.67,11.31,11.46
910,2004-03-29,11.4,11.71,11.3,11.48
909,2004-03-26,11.43,11.48,11.24,11.37
908,2004-03-25,10.9,11.46,10.9,11.42
907,2004-03-24,10.63,11.08,10.63,10.88
906,2004-03-23,10.92,11.1,10.62,10.69
905,2004-03-22,10.99,11.31,10.68,10.96
904,2004-03-19,11.66,11.66,10.98,10.98
903,2004-03-18,11.77,11.77,10.95,11.5
902,2004-03-17,11.635,11.98,11.6,11.79
901,2004-03-16,11.52,11.73,11.22,11.59
900,2004-03-15,11.76,11.78,11.43,11.48
899,2004-03-12,11.8,12.07,11.62,11.8
898,2004-03-11,12.05,12.41,11.76,11.81
897,2004-03-10,12.87,12.99,11.89,11.99
896,2004-03-09,12.8,13.45,12.61,12.8
895,2004-03-08,12.13,12.78,12.07,12.55
894,2004-03-05,12.1,12.25,11.435,12.07
893,2004-03-04,10.91,11.11,10.55,11.1
892,2004-03-03,10.97,10.98,10.76,10.9
891,2004-03-02,10.96,11.13,10.69,11.0
890,2004-03-01,11.01,11.059,10.89,10.89
889,2004-02-27,10.98,11.25,10.97,11.05
888,2004-02-26,11.11,11.14,10.95,10.98
887,2004-02-25,10.7,11.06,10.655,11.0
886,2004-02-24,10.76,10.98,10.4,10.65
885,2004-02-23,10.85,11.12,10.65,10.65
884,2004-02-20,10.94,11.04,10.551,10.85
883,2004-02-19,11.15,11.22,10.81,10.82
882,2004-02-18,11.48,11.5,11.16,11.16
881,2004-02-17,11.35,11.45,11.25,11.4
880,2004-02-13,11.42,11.42,10.95,11.27
879,2004-02-12,11.84,11.84,11.41,11.41
878,2004-02-11,11.66,11.93,11.65,11.85
877,2004-02-10,11.74,11.77,11.46,11.66
876,2004-02-09,11.57,11.89,11.35,11.76
875,2004-02-06,10.73,11.37,10.31,11.05
874,2004-02-05,10.03,10.05,9.55,9.68
873,2004-02-04,10.0,10.05,9.75,10.0
872,2004-02-03,10.01,10.07,9.87,10.04
871,2004-02-02,10.04,10.05,9.82,9.98
870,2004-01-30,10.0,10.08,9.84,10.0
869,2004-01-29,9.84,10.07,9.25,10.05
868,2004-01-28,9.93,10.0,9.75,9.83
867,2004-01-27,9.84,10.02,9.84,9.96
866,2004-01-26,10.0,10.0,9.87,9.88
865,2004-01-23,9.96,10.11,9.9,9.97
864,2004-01-22,10.17,10.24,9.95,9.95
863,2004-01-21,10.28,10.3,10.0,10.09
862,2004-01-20,10.21,10.4,10.17,10.24
861,2004-01-16,10.28,10.49,10.22,10.34
860,2004-01-15,10.7,10.75,10.25,10.33
859,2004-01-14,10.75,10.75,10.51,10.64
858,2004-01-13,10.73,10.75,10.5,10.75
857,2004-01-12,10.21,10.73,10.21,10.73
856,2004-01-09,10.74,10.74,10.2,10.22
855,2004-01-08,10.8,10.8,10.5,10.73
854,2004-01-07,10.87,10.87,10.72,10.79
853,2004-01-06,10.9,11.0,10.8,10.87
852,2004-01-05,10.86,10.95,10.74,10.85
851,2004-01-02,10.99,11.05,10.66,10.8
850,2003-12-31,10.97,11.0,10.62,10.96
849,2003-12-30,10.76,11.07,10.76,10.98
848,2003-12-29,10.78,11.11,10.74,10.99
847,2003-12-26,10.8,10.85,10.78,10.8
846,2003-12-24,11.0,11.0,10.86,10.9
845,2003-12-23,11.0,11.0,10.68,10.94
844,2003-12-22,10.74,11.13,10.63,11.0
843,2003-12-19,10.6,10.73,10.26,10.7
842,2003-12-18,10.0,10.56,9.98,10.46
841,2003-12-17,10.04,10.15,9.81,10.031
840,2003-12-16,10.02,10.14,9.85,10.12
839,2003-12-15,10.64,10.73,10.0,10.01
838,2003-12-12,10.8,10.95,10.48,10.55
837,2003-12-11,10.5,10.95,10.42,10.8
836,2003-12-10,10.35,10.6,10.29,10.39
835,2003-12-09,10.26,10.5,10.07,10.47
834,2003-12-08,10.02,10.22,9.95,10.2
833,2003-12-05,10.38,10.4,10.03,10.05
832,2003-12-04,10.32,10.54,10.1,10.37
831,2003-12-03,10.23,10.45,10.16,10.41
830,2003-12-02,10.37,10.5,10.14,10.15
829,2003-12-01,10.51,10.61,10.25,10.38
828,2003-11-28,10.14,10.51,10.14,10.4
827,2003-11-26,10.33,10.46,10.07,10.14
826,2003-11-25,10.39,10.71,10.16,10.44
825,2003-11-24,10.6,10.65,9.61,10.44
824,2003-11-21,11.08,11.08,10.6,10.66
823,2003-11-20,10.91,11.05,10.821,10.98
822,2003-11-19,10.9,11.0,10.56,10.85
821,2003-11-18,10.91,11.2,10.72,10.9
820,2003-11-17,11.17,11.28,10.8,10.88
819,2003-11-14,11.12,11.39,11.0,11.21
818,2003-11-13,11.1,11.47,10.91,11.09
817,2003-11-12,10.69,11.3,10.69,11.23
816,2003-11-11,11.0,11.07,10.51,10.75
815,2003-11-10,11.41,11.75,10.8,11.1
814,2003-11-07,11.85,11.87,11.43,11.47
813,2003-11-06,11.43,12.0,11.3,11.82
812,2003-11-05,11.9,11.95,11.36,11.91
811,2003-11-04,12.05,12.06,11.7,11.9
810,2003-11-03,12.19,12.2,11.67,12.04
809,2003-10-31,12.02,12.2,11.65,12.04
808,2003-10-30,11.04,12.12,11.01,12.11
807,2003-10-29,11.1,11.1,10.55,11.0
806,2003-10-28,10.28,11.4,10.22,10.99
805,2003-10-27,10.34,10.35,9.88,10.25
804,2003-10-24,9.19,10.4,9.12,10.19
803,2003-10-23,9.36,9.71,9.1,9.1
802,2003-10-22,8.99,9.85,8.89,9.41
801,2003-10-21,10.0,10.11,8.02,9.04
800,2003-10-20,10.1,10.1,9.85,9.91
799,2003-10-17,10.1,10.2,9.8,9.95
798,2003-10-16,10.02,10.12,9.54,9.99
797,2003-10-15,10.58,10.71,10.0,10.03
796,2003-10-14,10.25,10.59,9.85,10.5
795,2003-10-13,9.94,10.26,9.92,10.2
794,2003-10-10,9.3,10.0,9.2,9.9
793,2003-10-09,8.95,9.37,8.76,9.23
792,2003-10-08,9.2,9.2,8.4,8.75
791,2003-10-07,9.3,9.3,9.03,9.12
790,2003-10-06,9.65,9.72,9.19,9.28
789,2003-10-03,9.49,9.75,9.35,9.48
788,2003-10-02,9.08,9.43,9.03,9.25
787,2003-10-01,9.3,9.43,8.9,8.99
786,2003-09-30,10.3,10.34,8.771,9.0
785,2003-09-29,14.74,15.05,12.8,13.52
784,2003-09-26,15.64,15.75,14.11,14.84
783,2003-09-25,16.39,16.45,15.44,15.74
782,2003-09-24,17.25,17.25,16.25,16.41
781,2003-09-23,16.79,17.05,16.6,16.96
780,2003-09-22,16.73,16.9,16.0,16.77
779,2003-09-19,16.45,16.85,16.43,16.789
778,2003-09-18,16.45,16.72,16.18,16.5
777,2003-09-17,16.5,16.9,15.9,16.53
776,2003-09-16,16.41,16.6,15.7,16.3
775,2003-09-15,16.15,16.7,16.14,16.26
774,2003-09-12,15.99,16.39,15.45,15.98
773,2003-09-11,16.0,16.0,15.67,15.8
772,2003-09-10,15.5,16.0,15.28,15.78
771,2003-09-09,15.89,15.99,15.29,15.55
770,2003-09-08,15.88,15.9,15.43,15.69
769,2003-09-05,15.97,16.35,15.4,15.7
768,2003-09-04,16.22,16.53,16.081,16.4
767,2003-09-03,15.4,16.15,15.4,16.04
766,2003-09-02,15.4,15.55,15.3,15.44
765,2003-08-29,15.25,15.55,15.25,15.3
764,2003-08-28,15.39,15.54,15.1,15.54
763,2003-08-27,15.11,15.5,15.0,15.39
762,2003-08-26,15.2,15.43,14.8,15.23
761,2003-08-25,15.49,15.49,15.2,15.24
760,2003-08-22,15.05,16.31,15.02,15.21
759,2003-08-21,14.9,15.05,14.8,15.05
758,2003-08-20,15.01,15.1,14.6,14.79
757,2003-08-19,14.79,14.95,14.6,14.95
756,2003-08-18,14.3,14.75,14.3,14.75
755,2003-08-15,14.2,14.89,14.16,14.2
754,2003-08-14,14.89,15.0,14.15,14.15
753,2003-08-13,15.15,15.2,14.75,14.82
752,2003-08-12,14.91,15.1,14.91,15.05
751,2003-08-11,14.99,15.1,14.75,14.78
750,2003-08-08,14.6,15.05,14.6,14.99
749,2003-08-07,15.05,15.05,14.03,14.64
748,2003-08-06,14.69,15.1,14.65,15.0
747,2003-08-05,15.27,15.27,14.4,14.97
746,2003-08-04,15.0,15.25,14.85,15.15
745,2003-08-01,15.0,15.1,14.76,15.0
744,2003-07-31,14.86,15.0,14.2,15.0
743,2003-07-30,15.3,15.4,14.47,14.66
742,2003-07-29,15.26,15.78,15.0,15.31
741,2003-07-28,15.05,15.25,14.5,15.07
740,2003-07-25,14.12,15.0,14.0,15.0
739,2003-07-24,14.26,14.59,13.929,13.97
738,2003-07-23,13.8,14.28,13.55,14.219
737,2003-07-22,13.35,13.75,13.35,13.62
736,2003-07-21,13.75,13.75,13.3,13.35
735,2003-07-18,13.21,13.78,12.75,13.59
734,2003-07-17,13.85,14.0,12.5,13.06
733,2003-07-16,14.11,14.39,13.85,13.85
732,2003-07-15,14.03,14.18,13.38,13.95
731,2003-07-14,13.92,14.36,13.8,14.1
730,2003-07-11,13.99,14.38,13.41,13.83
729,2003-07-10,13.83,13.99,13.63,13.98
728,2003-07-09,13.25,14.01,13.0,13.92
727,2003-07-08,13.59,13.65,13.14,13.28
726,2003-07-07,13.55,13.65,13.36,13.6
725,2003-07-03,13.5,13.54,13.3,13.5
724,2003-07-02,13.0,13.51,13.0,13.48
723,2003-07-01,13.5,13.5,12.11,12.96
722,2003-06-30,13.1,13.5,12.9,13.29
721,2003-06-27,13.01,13.2,12.9,13.13
720,2003-06-26,12.95,13.15,12.76,13.03
719,2003-06-25,12.7,13.17,12.55,13.1
718,2003-06-24,12.15,12.7,11.97,12.65
717,2003-06-23,12.79,12.79,11.175,12.0
716,2003-06-20,12.45,12.76,12.19,12.64
715,2003-06-19,13.55,13.55,12.25,12.55
714,2003-06-18,13.95,13.95,13.2,13.4
713,2003-06-17,13.2,14.05,13.06,13.77
712,2003-06-16,12.73,13.2,12.71,13.15
711,2003-06-13,12.67,12.98,12.52,12.75
710,2003-06-12,12.8,12.98,12.8,12.9
709,2003-06-11,12.6,12.96,12.6,12.9
708,2003-06-10,12.76,12.8,12.35,12.8
707,2003-06-09,12.8,12.85,12.41,12.7
706,2003-06-06,11.95,12.75,11.9,12.75
705,2003-06-05,11.25,12.0,11.23,11.98
704,2003-06-04,11.25,11.25,11.06,11.19
703,2003-06-03,11.15,11.21,11.0,11.16
702,2003-06-02,11.25,11.25,11.0,11.17
701,2003-05-30,11.44,11.44,10.74,11.24
700,2003-05-29,11.3,11.4,11.2,11.35
699,2003-05-28,11.3,11.3,11.15,11.29
698,2003-05-27,11.1,11.3,11.04,11.23
697,2003-05-23,11.2,11.28,10.99,11.25
696,2003-05-22,10.86,11.2,10.75,11.0
695,2003-05-21,10.45,11.0,10.42,10.8
694,2003-05-20,10.9,10.9,10.02,10.4
693,2003-05-19,11.0,11.03,10.86,10.88
692,2003-05-16,11.0,11.0,10.94,10.99
691,2003-05-15,10.8,11.0,10.8,10.98
690,2003-05-14,10.88,10.95,10.75,10.8
689,2003-05-13,10.68,10.87,10.5,10.84
688,2003-05-12,10.59,10.72,10.42,10.45
687,2003-05-09,10.5,10.689,10.3,10.48
686,2003-05-08,10.15,10.6,10.02,10.46
685,2003-05-07,10.14,10.15,9.96,10.14
684,2003-05-06,10.16,10.17,10.0,10.14
683,2003-05-05,10.1,10.24,9.95,10.07
682,2003-05-02,10.25,10.25,9.9,10.02
681,2003-05-01,9.95,10.24,9.8,10.07
680,2003-04-30,9.9,10.05,9.56,10.0
679,2003-04-29,9.45,9.98,9.29,9.72
678,2003-04-28,9.2,9.38,9.2,9.33
677,2003-04-25,9.4,9.4,9.2,9.21
676,2003-04-24,9.53,9.53,9.3,9.35
675,2003-04-23,9.3,9.5,9.29,9.42
674,2003-04-22,9.31,9.55,9.2,9.38
673,2003-04-21,9.35,9.5,9.25,9.301
672,2003-04-17,9.34,9.37,9.3,9.32
671,2003-04-16,9.5,9.5,9.34,9.37
670,2003-04-15,9.5,9.55,9.45,9.47
669,2003-04-14,9.4,9.5,9.4,9.48
668,2003-04-11,9.28,9.48,9.28,9.42
667,2003-04-10,9.35,9.49,9.21,9.49
666,2003-04-09,9.28,9.43,9.28,9.4
665,2003-04-08,9.4,9.5,9.2,9.28
664,2003-04-07,9.17,9.56,9.1,9.4
663,2003-04-04,9.05,9.2,8.92,9.1
662,2003-04-03,9.0,9.2,9.0,9.11
661,2003-04-02,8.69,9.0,8.69,8.97
660,2003-04-01,8.75,9.0,8.75,8.83
659,2003-03-31,8.79,9.0,8.79,8.99
658,2003-03-28,8.75,9.0,8.75,8.85
657,2003-03-27,8.4,8.93,8.4,8.93
656,2003-03-26,8.85,8.85,8.22,8.28
655,2003-03-25,8.69,8.85,8.56,8.66
654,2003-03-24,8.75,8.85,8.6,8.65
653,2003-03-21,9.0,9.0,8.75,8.85
652,2003-03-20,8.98,9.0,8.851,8.98
651,2003-03-19,9.0,9.0,8.96,9.0
650,2003-03-18,9.0,9.0,8.7,8.96
649,2003-03-17,8.96,8.97,8.47,8.8
648,2003-03-14,8.65,9.0,8.65,8.96
647,2003-03-13,8.68,8.859,8.51,8.65
646,2003-03-12,8.77,8.81,8.51,8.68
645,2003-03-11,8.5,8.87,8.49,8.65
644,2003-03-10,8.85,8.85,8.25,8.36
643,2003-03-07,8.43,8.95,8.39,8.6
642,2003-03-06,8.7,8.75,8.07,8.49
641,2003-03-05,8.91,8.91,8.59,8.6
640,2003-03-04,8.9,8.95,8.85,8.85
639,2003-03-03,8.9,8.98,8.63,8.78
638,2003-02-28,8.25,8.95,8.25,8.91
637,2003-02-27,8.51,8.62,8.37,8.49
636,2003-02-26,8.33,8.62,8.32,8.62
635,2003-02-25,8.62,8.74,7.48,8.44
634,2003-02-24,8.98,8.99,8.39,8.43
633,2003-02-21,9.001,9.01,8.9,8.99
632,2003-02-20,8.95,9.05,8.82,8.99
631,2003-02-19,9.04,9.05,8.82,8.94
630,2003-02-18,8.8,9.1,8.8,9.03
629,2003-02-14,9.24,9.24,8.81,8.88
628,2003-02-13,9.25,9.37,9.11,9.16
627,2003-02-12,9.29,9.42,9.2,9.26
626,2003-02-11,9.73,9.73,8.95,9.29
625,2003-02-10,9.471,9.55,9.3,9.341
624,2003-02-07,9.64,9.65,9.35,9.5
623,2003-02-06,9.5,9.629,9.31,9.439
622,2003-02-05,9.5,9.75,9.35,9.45
621,2003-02-04,9.5,9.62,9.31,9.55
620,2003-02-03,9.55,9.6,9.32,9.5
619,2003-01-31,9.05,9.84,8.88,9.7
618,2003-01-30,9.06,9.17,8.58,8.99
617,2003-01-29,8.99,9.09,8.8,9.01
616,2003-01-28,8.99,9.09,8.8,9.01
615,2003-01-27,9.01,9.01,8.71,8.88
614,2003-01-24,9.21,9.21,9.0,9.05
613,2003-01-23,8.95,9.25,8.95,9.24
612,2003-01-22,9.0,9.06,8.85,8.86
611,2003-01-21,9.2,9.2,8.91,9.0
610,2003-01-17,9.14,9.3,9.081,9.15
609,2003-01-16,9.12,9.31,9.0,9.0
608,2003-01-15,9.2,9.29,9.02,9.17
607,2003-01-14,9.59,9.59,9.23,9.26
606,2003-01-13,9.51,9.61,9.46,9.5
605,2003-01-10,9.59,9.59,9.45,9.5
604,2003-01-09,9.65,9.75,9.46,9.59
603,2003-01-08,9.45,9.6,9.25,9.47
602,2003-01-07,9.49,9.54,9.33,9.41
601,2003-01-06,9.74,9.74,9.45,9.5
600,2003-01-03,9.7,9.7,9.45,9.49
599,2003-01-02,9.76,9.9,9.07,9.58
598,2002-12-31,9.8,10.14,9.5,10.12
597,2002-12-30,9.2,9.78,9.01,9.72
596,2002-12-27,9.2,9.4,9.05,9.19
595,2002-12-26,9.07,9.38,9.07,9.2
594,2002-12-24,9.0,9.2,8.96,9.039
593,2002-12-23,8.93,9.1,8.84,9.1
592,2002-12-20,9.17,9.17,8.92,9.04
591,2002-12-19,9.3,9.3,9.0,9.0
590,2002-12-18,9.25,9.3,8.999,9.27
589,2002-12-17,9.25,9.49,9.15,9.32
588,2002-12-16,9.3,9.4,9.25,9.35
587,2002-12-13,9.25,9.639,9.25,9.36
586,2002-12-12,9.35,9.5,9.15,9.5
585,2002-12-11,9.94,9.94,9.35,9.44
584,2002-12-10,9.89,9.89,9.6,9.69
583,2002-12-09,9.45,9.979,9.36,9.87
582,2002-12-06,9.16,9.44,9.16,9.36
581,2002-12-05,9.28,9.5,9.06,9.349
580,2002-12-04,9.23,9.3,9.071,9.15
579,2002-12-03,9.0,9.24,9.0,9.24
578,2002-12-02,9.6,9.6,8.81,9.23
577,2002-11-29,8.75,9.55,8.29,9.55
576,2002-11-27,7.99,8.65,7.9,8.65
575,2002-11-26,8.05,8.14,7.76,8.01
574,2002-11-25,7.55,8.14,7.55,7.7
573,2002-11-22,7.539,8.0,7.51,7.6
572,2002-11-21,7.59,7.59,7.4,7.51
571,2002-11-20,7.31,7.7,7.07,7.43
570,2002-11-19,7.97,7.97,7.3,7.33
569,2002-11-18,7.96,8.3,7.65,7.999
568,2002-11-15,7.89,8.05,7.75,7.86
567,2002-11-14,7.89,8.05,7.58,7.81
566,2002-11-13,8.29,8.29,7.61,7.89
565,2002-11-12,8.71,8.83,8.2,8.38
564,2002-11-11,9.08,9.08,8.5,8.79
563,2002-11-08,9.0,9.09,8.8,9.09
562,2002-11-07,9.15,9.15,8.8,8.939
561,2002-11-06,9.3,9.3,9.05,9.15
560,2002-11-05,9.01,9.2,9.01,9.17
559,2002-11-04,9.24,9.25,8.77,9.06
558,2002-11-01,9.04,9.25,8.85,9.249
557,2002-10-31,8.95,9.36,8.79,9.11
556,2002-10-30,9.0,9.05,8.75,8.8
555,2002-10-29,9.05,9.05,8.75,8.85
554,2002-10-28,8.59,9.05,8.3,8.98
553,2002-10-25,8.75,8.85,8.41,8.55
552,2002-10-24,8.75,8.85,8.0,8.79
551,2002-10-23,8.87,8.88,8.7,8.75
550,2002-10-22,8.55,8.95,8.55,8.76
549,2002-10-21,8.5,8.731,8.35,8.7
548,2002-10-18,8.25,8.67,8.15,8.54
547,2002-10-17,8.19,8.34,8.1,8.19
546,2002-10-16,8.06,8.2,8.0,8.12
545,2002-10-15,8.7,8.7,8.14,8.15
544,2002-10-14,8.36,8.7,8.35,8.54
543,2002-10-11,8.02,8.55,8.02,8.3
542,2002-10-10,8.05,8.15,8.0,8.0
541,2002-10-09,7.71,8.19,7.7,8.02
540,2002-10-08,7.91,8.0,7.75,7.86
539,2002-10-07,8.01,8.19,7.75,7.76
538,2002-10-04,7.73,8.3,7.73,7.9
537,2002-10-03,8.05,8.05,7.51,7.75
536,2002-10-02,8.1,8.15,7.98,8.03
535,2002-10-01,7.99,8.05,7.63,8.03
534,2002-09-30,7.831,8.0,6.95,8.0
533,2002-09-27,7.52,8.05,7.52,8.0
532,2002-09-26,7.7,7.8,7.51,7.62
531,2002-09-25,7.049,7.7,7.04,7.7
530,2002-09-24,6.9,7.03,6.8,7.029
529,2002-09-23,6.91,6.95,6.81,6.9
528,2002-09-20,7.05,7.06,6.8,6.9
527,2002-09-19,7.111,7.25,7.01,7.09
526,2002-09-18,7.08,7.299,7.0,7.299
525,2002-09-17,7.08,7.22,6.93,7.2
524,2002-09-16,6.85,7.15,6.72,7.06
523,2002-09-13,6.85,7.0,6.75,6.76
522,2002-09-12,6.72,6.85,6.641,6.84
521,2002-09-11,6.8,6.92,6.72,6.72
520,2002-09-10,7.0,7.0,6.72,6.75
519,2002-09-09,7.1,7.1,6.89,6.9
518,2002-09-06,7.06,7.1,6.86,7.0
517,2002-09-05,6.86,7.1,6.86,7.09
516,2002-09-04,6.7,6.95,6.41,6.89
515,2002-09-03,6.45,6.8,6.0,6.65
514,2002-08-30,6.79,6.85,6.5,6.57
513,2002-08-29,5.95,6.9,5.82,6.61
512,2002-08-28,5.94,6.05,5.7,5.97
511,2002-08-27,6.0,6.14,5.9,5.91
510,2002-08-26,5.9,6.0,5.69,5.9
509,2002-08-23,5.849,5.99,5.64,5.889
508,2002-08-22,5.96,6.2,5.7,5.94
507,2002-08-21,5.91,6.19,5.9,6.0
506,2002-08-20,6.45,6.49,5.7,6.09
505,2002-08-19,6.59,6.75,6.22,6.43
504,2002-08-16,6.71,6.92,5.96,6.5
503,2002-08-15,6.55,7.01,4.9,6.78
502,2002-08-14,6.01,6.69,5.85,6.5
501,2002-08-13,6.259,6.36,6.11,6.11
500,2002-08-12,5.61,6.27,5.5,6.27
499,2002-08-09,5.61,5.61,5.36,5.479
498,2002-08-08,5.85,5.85,5.56,5.65
497,2002-08-07,5.96,5.96,5.56,5.81
496,2002-08-06,6.15,6.19,5.95,5.95
495,2002-08-05,5.98,6.249,5.98,6.13
494,2002-08-02,6.28,6.39,5.97,6.0
493,2002-08-01,6.26,6.5,6.25,6.32
492,2002-07-31,6.3,6.44,6.21,6.31
491,2002-07-30,6.22,6.25,6.2,6.25
490,2002-07-29,6.33,6.4,6.1,6.4
489,2002-07-26,5.59,6.6,5.59,6.3
488,2002-07-25,6.05,6.2,5.9,5.91
487,2002-07-24,6.01,6.15,5.96,6.1
486,2002-07-23,6.19,6.19,5.87,5.97
485,2002-07-22,6.35,6.35,6.0,6.1
484,2002-07-19,5.998,6.52,5.92,6.52
483,2002-07-18,6.0,6.06,5.95,6.001
482,2002-07-17,6.24,6.25,6.0,6.01
481,2002-07-16,6.16,6.3,6.01,6.3
480,2002-07-15,6.015,6.3,5.8,6.24
479,2002-07-12,5.7,6.53,5.7,6.35
478,2002-07-11,4.9,6.3,4.71,6.04
477,2002-07-10,6.65,6.65,6.4,6.4
476,2002-07-09,6.35,6.659,6.35,6.55
475,2002-07-08,6.35,6.5,6.35,6.37
474,2002-07-05,6.35,6.45,6.35,6.42
473,2002-07-03,6.28,6.4,6.05,6.38
472,2002-07-02,5.951,6.239,5.951,6.23
471,2002-07-01,6.01,6.15,5.95,6.0
470,2002-06-28,6.05,6.54,5.87,6.04
469,2002-06-27,6.0,6.15,5.7,6.15
468,2002-06-26,5.85,5.95,5.8,5.9
467,2002-06-25,5.93,6.01,5.85,6.0
466,2002-06-24,6.06,6.15,5.9,5.95
465,2002-06-21,6.27,6.48,6.001,6.2
464,2002-06-20,5.3,6.17,5.13,6.15
463,2002-06-19,5.2,5.95,5.16,5.3
462,2002-06-18,5.24,5.25,4.96,4.96
461,2002-06-17,4.9,5.2,4.9,5.15
460,2002-06-14,5.0,5.08,4.94,5.069
459,2002-06-13,4.71,5.1,4.7,5.029
458,2002-06-12,5.01,5.19,4.75,4.76
457,2002-06-11,5.16,5.2,5.0,5.0
456,2002-06-10,5.0,5.15,5.0,5.05
455,2002-06-07,4.99,5.15,4.85,4.97
454,2002-06-06,5.06,5.06,4.85,5.0
453,2002-06-05,5.15,5.24,5.1,5.12
452,2002-06-04,5.15,5.4,5.05,5.25
451,2002-06-03,5.31,5.45,5.15,5.16
450,2002-05-31,5.01,5.75,4.999,5.35
449,2002-05-30,4.7,5.25,4.61,5.1
448,2002-05-29,5.08,5.08,4.74,4.8
447,2002-05-28,5.42,5.449,4.7,5.02
446,2002-05-24,5.26,5.5,5.25,5.4
445,2002-05-23,5.5,5.5,5.149,5.35
444,2002-05-22,5.5,5.55,5.2,5.48
443,2002-05-21,5.5,5.69,5.35,5.5
442,2002-05-20,5.59,5.62,5.4,5.51
441,2002-05-17,5.55,5.65,5.38,5.471
440,2002-05-16,5.85,5.85,5.4,5.64
439,2002-05-15,5.47,6.18,5.39,5.83
438,2002-05-14,6.7,6.7,5.981,6.0
437,2002-05-13,6.73,6.73,6.52,6.6
436,2002-05-10,6.74,6.74,6.55,6.55
435,2002-05-09,6.46,6.6,6.46,6.6
434,2002-05-08,6.48,6.75,6.45,6.66
433,2002-05-07,6.75,6.9,6.5,6.6
432,2002-05-06,6.5,6.95,6.5,6.75
431,2002-05-03,6.45,6.6,6.0,6.6
430,2002-05-02,6.599,6.6,6.272,6.6
429,2002-05-01,6.56,6.74,6.25,6.5
428,2002-04-30,6.6,6.75,6.25,6.75
427,2002-04-29,6.89,6.99,6.513,6.55
426,2002-04-26,6.91,7.0,6.481,6.8
425,2002-04-25,7.06,7.14,6.67,6.9
424,2002-04-24,7.24,7.25,7.01,7.25
423,2002-04-23,7.1,7.25,7.07,7.1
422,2002-04-22,7.25,7.33,6.81,6.96
421,2002-04-19,7.25,7.5,7.24,7.251
420,2002-04-18,7.36,7.5,7.25,7.35
419,2002-04-17,7.57,7.7,7.15,7.47
418,2002-04-16,7.62,7.85,7.6,7.7
417,2002-04-15,7.5,7.78,7.2,7.65
416,2002-04-12,7.601,7.8,7.6,7.8
415,2002-04-11,7.7,7.8,7.6,7.611
414,2002-04-10,7.75,7.97,7.5,7.8
413,2002-04-09,7.85,7.895,7.52,7.52
412,2002-04-08,7.33,8.0,7.33,7.86
411,2002-04-05,7.44,7.45,7.26,7.35
410,2002-04-04,7.03,7.42,7.03,7.33
409,2002-04-03,7.25,7.25,7.14,7.14
408,2002-04-02,7.15,7.15,7.0,7.13
407,2002-04-01,7.44,7.44,7.02,7.44
406,2002-03-28,6.99,7.3,6.8,7.25
405,2002-03-27,7.0,7.0,6.91,7.0
404,2002-03-26,6.9,7.0,6.63,6.95
403,2002-03-25,6.94,7.1,6.86,6.9
402,2002-03-22,6.81,7.05,6.81,6.85
401,2002-03-21,7.0,7.0,6.65,6.83
400,2002-03-20,7.27,7.27,6.9,7.0
399,2002-03-19,7.39,7.39,7.111,7.249
398,2002-03-18,7.4,7.54,7.15,7.25
397,2002-03-15,6.98,7.3,6.97,7.3
396,2002-03-14,7.2,7.2,6.85,6.98
395,2002-03-13,6.95,7.01,6.85,6.85
394,2002-03-12,7.0,7.0,6.76,6.99
393,2002-03-11,6.51,6.95,6.5,6.86
392,2002-03-08,6.05,7.05,6.0,6.5
391,2002-03-07,5.45,6.06,5.45,6.05
390,2002-03-06,5.25,5.63,5.15,5.54
389,2002-03-05,5.09,5.4,5.09,5.25
388,2002-03-04,5.1,5.11,5.01,5.09
387,2002-03-01,5.01,5.39,5.0,5.13
386,2002-02-28,5.07,5.34,5.0,5.08
385,2002-02-27,5.32,5.42,5.05,5.25
384,2002-02-26,5.26,5.45,5.25,5.36
383,2002-02-25,5.19,5.35,5.15,5.25
382,2002-02-22,5.25,5.63,5.01,5.15
381,2002-02-21,4.54,5.25,4.42,5.1
380,2002-02-20,6.7,6.7,4.2,4.44
379,2002-02-19,4.96,4.96,4.96,4.96
378,2002-02-15,4.96,4.96,4.96,4.96
377,2002-02-14,4.96,4.96,4.96,4.96
376,2002-02-13,4.96,4.96,4.96,4.96
375,2002-02-12,4.96,4.96,4.96,4.96
374,2002-02-11,4.96,4.96,4.96,4.96
373,2002-02-08,4.96,4.96,4.96,4.96
372,2002-02-07,4.96,4.96,4.96,4.96
371,2002-02-06,4.96,4.96,4.96,4.96
370,2002-02-05,4.96,4.96,4.96,4.96
369,2002-02-04,4.96,4.96,4.96,4.96
368,2002-02-01,9.51,9.51,4.2,4.96
367,2002-01-31,10.6,10.6,9.98,10.15
366,2002-01-30,11.17,11.34,10.35,10.53
365,2002-01-29,11.29,11.85,11.15,11.15
364,2002-01-28,11.25,11.25,10.87,11.15
363,2002-01-25,10.57,11.05,10.5,10.75
362,2002-01-24,10.64,10.64,10.45,10.54
361,2002-01-23,10.6,10.6,10.41,10.46
360,2002-01-22,10.6,10.79,10.5,10.5
359,2002-01-18,10.39,10.6,10.3,10.45
358,2002-01-17,10.36,10.55,10.25,10.42
357,2002-01-16,10.39,10.4,10.08,10.32
356,2002-01-15,10.01,10.38,10.0,10.38
355,2002-01-14,10.1,10.11,9.95,10.01
354,2002-01-11,10.0,10.1,9.95,10.08
353,2002-01-10,10.0,10.08,9.96,10.08
352,2002-01-09,10.15,10.2,9.95,10.0
351,2002-01-08,10.09,10.15,10.04,10.14
350,2002-01-07,9.94,10.19,9.94,10.04
349,2002-01-04,10.1,10.1,9.41,9.95
348,2002-01-03,10.15,10.15,9.35,9.5
347,2002-01-02,10.06,10.15,9.84,10.0
346,2001-12-31,9.7,10.2,9.65,10.19
345,2001-12-28,9.65,10.0,9.45,9.88
344,2001-12-27,9.59,9.94,9.57,9.8
343,2001-12-26,9.6,9.69,9.35,9.45
342,2001-12-24,9.53,9.6,9.46,9.49
341,2001-12-21,9.72,9.9,9.3,9.55
340,2001-12-20,9.6,9.79,9.31,9.65
339,2001-12-19,9.5,9.7,9.25,9.51
338,2001-12-18,9.15,9.58,9.15,9.5
337,2001-12-17,9.1,9.25,9.0,9.05
336,2001-12-14,9.24,9.33,8.9,9.0
335,2001-12-13,9.31,9.5,9.06,9.15
334,2001-12-12,9.32,9.52,9.19,9.34
333,2001-12-11,9.68,9.709,8.96,9.32
332,2001-12-10,9.81,10.06,9.47,9.66
331,2001-12-07,10.06,10.06,9.75,10.03
330,2001-12-06,10.2,10.2,9.75,9.94
329,2001-12-05,10.13,10.2,9.95,10.1
328,2001-12-04,10.08,10.15,9.97,9.98
327,2001-12-03,10.5,10.5,9.96,10.13
326,2001-11-30,10.51,10.52,9.9,10.51
325,2001-11-29,10.29,10.5,10.1,10.5
324,2001-11-28,10.4,10.4,9.95,10.2
323,2001-11-27,9.81,10.47,9.55,10.4
322,2001-11-26,9.4,9.92,9.35,9.75
321,2001-11-23,9.47,9.47,9.18,9.35
320,2001-11-21,9.26,9.26,9.0,9.17
319,2001-11-20,9.78,9.78,9.11,9.3
318,2001-11-19,10.5,10.5,9.7,9.79
317,2001-11-16,10.31,10.49,10.0,10.18
316,2001-11-15,10.71,10.71,10.3,10.4
315,2001-11-14,10.6,10.65,10.39,10.65
314,2001-11-13,10.11,10.62,10.11,10.62
313,2001-11-12,10.7,10.7,9.75,10.07
312,2001-11-09,10.4,10.65,10.35,10.65
311,2001-11-08,10.55,10.8,10.36,10.5
310,2001-11-07,10.78,10.78,10.55,10.55
309,2001-11-06,10.6,10.79,10.5,10.76
308,2001-11-05,10.66,10.84,10.55,10.83
307,2001-11-02,10.78,10.79,10.65,10.74
306,2001-11-01,10.75,10.81,10.61,10.74
305,2001-10-31,10.8,11.0,10.7,10.87
304,2001-10-30,10.99,10.99,10.5,10.71
303,2001-10-29,11.0,11.1,10.7,10.85
302,2001-10-26,11.5,11.5,11.0,11.05
301,2001-10-25,11.91,12.01,11.31,11.45
300,2001-10-24,12.09,12.09,11.5,11.61
299,2001-10-23,10.45,12.4,10.45,12.0
298,2001-10-22,10.65,10.95,10.34,10.35
297,2001-10-19,11.01,11.06,10.43,10.51
296,2001-10-18,10.87,11.25,10.86,11.01
295,2001-10-17,11.2,11.3,10.86,10.96
294,2001-10-16,11.83,11.83,10.9,11.49
293,2001-10-15,12.01,12.35,11.7,11.74
292,2001-10-12,11.6,12.42,11.46,12.2
291,2001-10-11,11.02,11.96,11.02,11.9
290,2001-10-10,10.85,11.12,10.8,11.07
289,2001-10-09,11.05,11.05,10.9,10.92
288,2001-10-08,11.1,11.1,10.65,11.04
287,2001-10-05,11.01,11.01,10.65,10.81
286,2001-10-04,11.6,11.6,11.0,11.07
285,2001-10-03,11.48,11.48,10.8,11.0
284,2001-10-02,11.8,11.8,11.3,11.75
283,2001-10-01,11.78,11.78,10.96,11.45
282,2001-09-28,10.55,11.79,10.55,11.65
281,2001-09-27,10.5,10.8,10.5,10.71
280,2001-09-26,10.77,10.77,10.1,10.51
279,2001-09-25,10.43,10.43,10.43,10.43
278,2001-09-24,11.15,11.15,10.43,10.43
277,2001-09-21,10.48,10.48,9.6,10.48
276,2001-09-20,10.66,10.66,9.29,10.1
275,2001-09-19,11.65,11.65,10.7,11.49
274,2001-09-18,11.78,12.04,11.46,11.58
273,2001-09-17,11.93,12.05,11.19,11.74
272,2001-09-10,12.65,12.8,12.37,12.46
271,2001-09-07,12.5,12.65,12.05,12.45
270,2001-09-06,12.1,12.83,11.9,12.82
269,2001-09-05,11.61,12.61,11.55,12.61
268,2001-09-04,11.33,12.18,11.33,11.75
267,2001-08-31,11.38,11.49,11.08,11.29
266,2001-08-30,11.7,11.7,10.88,11.2
265,2001-08-29,12.45,12.45,11.55,11.74
264,2001-08-28,12.01,12.5,11.88,12.15
263,2001-08-27,12.12,12.2,11.87,12.07
262,2001-08-24,12.29,12.33,12.07,12.3
261,2001-08-23,11.91,12.28,11.84,12.2
260,2001-08-22,11.47,11.9,11.45,11.9
259,2001-08-21,11.2,11.8,11.2,11.79
258,2001-08-20,11.09,11.09,11.09,11.09
257,2001-08-17,11.0,11.22,10.96,11.09
256,2001-08-16,10.96,11.0,10.75,10.86
255,2001-08-15,10.9,11.1,10.86,11.0
254,2001-08-14,10.65,11.08,10.65,10.95
253,2001-08-13,10.06,11.0,10.06,10.97
252,2001-08-10,10.25,10.35,9.86,10.23
251,2001-08-09,9.92,10.25,9.86,10.01
250,2001-08-08,9.9,10.15,9.9,9.97
249,2001-08-07,10.0,10.31,9.77,10.22
248,2001-08-06,9.5,10.0,9.5,9.8
247,2001-08-03,9.91,10.0,9.75,9.85
246,2001-08-02,9.95,10.1,9.6,10.0
245,2001-08-01,9.45,9.95,9.26,9.95
244,2001-07-31,9.88,9.88,9.1,9.26
243,2001-07-30,9.97,9.98,9.72,9.79
242,2001-07-27,9.85,10.05,9.8,9.95
241,2001-07-26,10.25,10.37,8.85,9.89
240,2001-07-25,10.1,10.5,9.97,10.5
239,2001-07-24,10.22,10.34,9.87,10.3
238,2001-07-23,10.16,10.56,10.11,10.33
237,2001-07-20,10.13,10.95,10.0,10.33
236,2001-07-19,8.1,10.4,8.1,10.13
235,2001-07-18,8.05,8.15,8.02,8.02
234,2001-07-17,8.0,8.11,7.99,8.05
233,2001-07-16,8.01,8.19,7.95,7.97
232,2001-07-13,7.9,8.11,7.89,8.01
231,2001-07-12,7.73,8.0,7.7,7.85
230,2001-07-11,8.03,8.08,7.7,7.9
229,2001-07-10,8.47,8.5,8.0,8.02
228,2001-07-09,8.4,8.45,8.3,8.38
227,2001-07-06,8.16,9.75,8.1,8.35
226,2001-07-05,8.75,8.9,8.01,8.19
225,2001-07-03,8.765,8.91,8.5,8.71
224,2001-07-02,8.99,9.05,8.65,8.65
223,2001-06-29,8.83,9.8,8.75,8.8
222,2001-06-28,9.0,9.16,8.75,8.85
221,2001-06-27,9.3,9.3,8.9,9.01
220,2001-06-26,9.81,10.0,9.0,9.65
219,2001-06-25,10.2,10.2,9.8,9.8
218,2001-06-22,10.25,10.3,10.15,10.18
217,2001-06-21,9.86,11.1,9.76,10.21
216,2001-06-20,9.6,10.1,9.53,9.81
215,2001-06-19,9.85,10.0,9.625,9.73
214,2001-06-18,9.07,9.25,9.0,9.15
213,2001-06-15,9.0,9.15,8.9,9.08
212,2001-06-14,9.05,9.15,8.55,9.05
211,2001-06-13,9.8,9.8,9.0,9.06
210,2001-06-12,9.85,9.85,9.51,9.65
209,2001-06-11,9.905,10.5,9.65,9.72
208,2001-06-08,10.18,10.5,9.45,9.6
207,2001-06-07,11.1,11.61,10.16,10.18
206,2001-06-06,10.36,10.78,10.27,10.76
205,2001-06-05,10.08,10.36,10.06,10.27
204,2001-06-04,10.01,10.1,9.95,10.05
203,2001-06-01,9.97,10.05,9.95,10.02
202,2001-05-31,9.86,10.05,9.85,10.02
201,2001-05-30,10.1,10.1,10.0,10.0
200,2001-05-29,9.79,10.12,9.79,10.03
199,2001-05-25,10.06,10.21,9.6,9.8
198,2001-05-24,9.99,10.15,9.9,10.04
197,2001-05-23,10.03,10.03,9.85,9.92
196,2001-05-22,9.99,10.09,9.8,10.04
195,2001-05-21,10.1,10.2,9.5,9.93
194,2001-05-18,10.27,10.36,9.9,10.04
193,2001-05-17,10.8,11.05,10.03,10.05
192,2001-05-16,9.95,11.45,9.83,11.16
191,2001-05-15,10.93,11.0,9.75,10.1
190,2001-05-14,10.94,11.1,10.85,10.9
189,2001-05-11,11.24,11.85,10.9,11.0
188,2001-05-10,9.0,11.8,9.0,11.29
187,2001-05-09,12.67,13.35,12.65,13.31
186,2001-05-08,12.53,13.0,12.5,12.9
185,2001-05-07,12.75,12.86,12.5,12.7
184,2001-05-04,12.87,13.2,12.4,12.84
183,2001-05-03,13.29,13.95,13.12,13.95
182,2001-05-02,13.1,13.75,12.2,13.32
181,2001-05-01,13.0,15.1,13.0,14.95
180,2001-04-30,13.1,13.1,12.45,13.01
179,2001-04-27,13.3,13.6,12.99,12.99
178,2001-04-26,13.03,13.65,13.01,13.3
177,2001-04-25,13.62,13.65,12.35,13.0
176,2001-04-24,13.95,14.05,13.6,13.75
175,2001-04-23,13.95,14.03,13.93,13.95
174,2001-04-20,13.99,14.1,13.9,13.95
173,2001-04-19,14.49,14.5,13.85,13.99
172,2001-04-18,13.6,14.65,13.46,14.41
171,2001-04-17,13.05,13.52,12.85,13.44
170,2001-04-16,13.15,13.4,12.5,13.08
169,2001-04-12,11.95,13.35,11.9,13.12
168,2001-04-11,10.75,12.34,10.58,11.9
167,2001-04-10,10.7,10.75,10.35,10.7
166,2001-04-09,10.26,10.73,10.26,10.73
165,2001-04-06,10.86,10.86,10.38,10.56
164,2001-04-05,10.31,10.88,10.13,10.88
163,2001-04-04,10.52,10.88,10.13,10.31
162,2001-04-03,11.0,11.0,10.44,10.56
161,2001-04-02,10.73,11.13,10.69,10.81
160,2001-03-30,10.31,11.0,10.19,10.75
159,2001-03-29,10.06,10.38,10.0,10.13
158,2001-03-28,9.859,10.38,9.563,10.13
157,2001-03-27,9.625,9.75,9.5,9.75
156,2001-03-26,9.172,10.0,9.156,9.625
155,2001-03-23,9.016,9.188,9.0,9.125
154,2001-03-22,8.75,8.938,7.563,8.813
153,2001-03-21,8.672,8.969,8.625,8.688
152,2001-03-20,9.953,9.969,8.938,8.938
151,2001-03-19,9.875,10.0,9.625,9.75
150,2001-03-16,9.109,9.875,8.0,9.875
149,2001-03-15,9.047,9.125,8.875,8.875
148,2001-03-14,9.016,9.109,8.938,9.063
147,2001-03-13,9.109,9.125,8.938,8.969
146,2001-03-12,9.578,9.922,8.938,9.0
145,2001-03-09,9.984,10.0,9.563,9.688
144,2001-03-08,10.23,10.25,9.875,9.938
143,2001-03-07,10.11,10.56,10.0,10.13
142,2001-03-06,10.2,10.25,9.938,10.0
141,2001-03-05,10.8,10.81,9.938,10.0
140,2001-03-02,11.13,11.13,10.63,10.69
139,2001-03-01,11.98,11.98,10.88,10.88
138,2001-02-28,12.09,12.19,10.94,12.0
137,2001-02-27,12.13,12.25,11.88,12.0
136,2001-02-26,11.88,12.31,11.86,12.0
135,2001-02-23,11.36,11.81,11.25,11.81
134,2001-02-22,11.13,11.38,11.06,11.25
133,2001-02-21,11.36,11.41,11.06,11.25
132,2001-02-20,11.31,11.94,11.25,11.38
131,2001-02-16,11.05,11.13,10.94,11.13
130,2001-02-15,11.31,11.36,10.88,11.0
129,2001-02-14,12.36,12.38,11.13,11.19
128,2001-02-13,13.02,13.25,11.94,12.0
127,2001-02-12,14.0,14.0,12.88,13.0
126,2001-02-09,15.0,15.25,13.81,14.0
125,2001-02-08,14.88,15.63,14.75,14.88
124,2001-02-07,15.0,15.0,13.06,14.75
123,2001-02-06,14.0,15.81,13.94,14.63
122,2001-02-05,13.98,14.06,13.88,13.94
121,2001-02-02,13.69,14.0,13.63,13.94
120,2001-02-01,14.06,14.06,13.63,13.81
119,2001-01-31,14.13,14.13,13.88,14.06
118,2001-01-30,14.0,14.13,13.88,14.13
117,2001-01-29,13.94,14.13,13.88,14.0
116,2001-01-26,14.31,14.31,13.69,14.13
115,2001-01-25,14.31,14.5,14.0,14.38
114,2001-01-24,13.42,14.31,13.41,14.31
113,2001-01-23,12.63,13.88,12.44,13.5
112,2001-01-22,12.27,12.63,12.0,12.63
111,2001-01-19,12.48,12.63,12.25,12.25
110,2001-01-18,11.98,12.69,11.75,12.31
109,2001-01-17,11.36,12.44,11.13,12.0
108,2001-01-16,10.75,11.38,10.06,11.38
107,2001-01-12,10.86,10.86,9.875,10.5
106,2001-01-11,10.69,10.69,9.875,10.56
105,2001-01-10,10.0,10.75,9.5,10.63
104,2001-01-09,12.13,12.38,10.5,10.75
103,2001-01-08,12.64,12.98,12.13,12.13
102,2001-01-05,13.13,13.25,12.63,12.63
101,2001-01-04,12.86,13.38,12.63,12.88
100,2001-01-03,12.63,13.44,12.5,12.63
99,2001-01-02,14.25,14.38,12.25,12.63
98,2000-12-29,14.38,14.38,13.63,14.25
97,2000-12-28,12.86,14.31,12.86,14.25
96,2000-12-27,12.75,12.88,12.63,12.81
95,2000-12-26,12.38,12.38,12.38,12.38
94,2000-12-22,12.5,12.75,12.25,12.38
93,2000-12-21,12.64,12.75,12.0,12.38
92,2000-12-20,14.13,14.19,12.5,12.5
91,2000-12-19,14.0,14.19,13.94,14.19
90,2000-12-18,14.25,14.25,14.0,14.13
89,2000-12-15,14.27,14.31,13.75,14.25
88,2000-12-14,14.13,14.5,14.13,14.31
87,2000-12-13,14.48,14.5,14.0,14.13
86,2000-12-12,14.77,15.0,14.13,14.13
85,2000-12-11,14.11,15.0,14.0,15.0
84,2000-12-08,13.39,14.5,13.38,14.0
83,2000-12-07,13.16,13.5,12.81,13.5
82,2000-12-06,12.81,13.38,12.8,13.25
81,2000-12-05,12.52,12.88,12.38,12.75
80,2000-12-04,12.38,12.5,12.25,12.5
79,2000-12-01,11.77,12.38,11.77,12.38
78,2000-11-30,11.63,12.13,11.63,11.88
77,2000-11-29,11.88,12.13,11.63,12.0
76,2000-11-28,12.88,12.88,11.0,11.81
75,2000-11-27,12.64,12.88,12.63,12.63
74,2000-11-24,12.63,12.8,12.63,12.75
73,2000-11-22,12.69,12.88,12.56,12.56
72,2000-11-21,13.2,13.31,12.69,12.69
71,2000-11-20,13.39,13.39,13.19,13.19
70,2000-11-17,13.73,13.75,13.25,13.38
69,2000-11-16,13.13,14.0,13.0,13.75
68,2000-11-15,13.11,13.13,12.75,13.06
67,2000-11-14,12.08,13.13,12.06,13.0
66,2000-11-13,12.52,12.63,12.0,12.06
65,2000-11-10,12.38,12.75,12.38,12.75
64,2000-11-09,12.38,13.13,12.38,12.69
63,2000-11-08,12.3,12.5,12.25,12.5
62,2000-11-07,11.98,12.5,11.98,12.25
61,2000-11-06,11.88,12.25,11.81,11.88
60,2000-11-03,12.33,12.38,11.75,11.94
59,2000-11-02,12.3,12.63,12.06,12.41
58,2000-11-01,12.88,13.13,12.25,12.25
57,2000-10-31,11.88,12.75,11.63,12.69
56,2000-10-30,9.984,11.75,9.875,11.75
55,2000-10-27,9.984,10.36,9.641,9.875
54,2000-10-26,10.13,10.19,9.375,9.5
53,2000-10-25,10.98,11.0,9.875,10.0
52,2000-10-24,11.0,11.0,9.875,10.06
51,2000-10-23,11.73,11.75,10.25,10.69
50,2000-10-20,11.3,11.75,10.75,11.75
49,2000-10-19,10.55,11.31,10.38,11.13
48,2000-10-18,10.69,10.7,9.75,10.25
47,2000-10-17,10.86,10.88,10.5,10.75
46,2000-10-16,10.75,10.88,10.31,10.75
45,2000-10-13,9.688,11.5,9.688,10.5
44,2000-10-12,9.672,9.75,9.375,9.75
43,2000-10-11,9.875,9.938,9.375,9.375
42,2000-10-10,10.13,10.13,9.75,9.875
41,2000-10-09,9.984,10.25,9.75,10.13
40,2000-10-06,9.297,10.06,9.188,10.06
39,2000-10-05,8.984,9.375,8.75,9.375
38,2000-10-04,9.109,9.125,8.688,8.688
37,2000-10-03,9.109,9.125,8.938,9.125
36,2000-10-02,9.125,9.5,8.5,9.0
35,2000-09-29,9.813,9.875,8.188,8.25
34,2000-09-28,10.13,10.13,9.438,9.5
33,2000-09-27,10.94,11.0,9.875,10.06
32,2000-09-26,12.06,12.06,10.75,10.94
31,2000-09-25,12.06,12.25,12.06,12.06
30,2000-09-22,12.25,12.31,12.06,12.19
29,2000-09-21,12.38,12.88,12.0,12.31
28,2000-09-20,12.13,12.25,12.0,12.0
27,2000-09-19,11.88,12.25,11.75,12.13
26,2000-09-18,12.63,12.63,11.75,12.13
25,2000-09-15,12.38,12.81,12.13,12.44
24,2000-09-14,10.94,12.5,10.77,12.5
23,2000-09-13,11.0,11.0,10.5,10.88
22,2000-09-12,11.56,11.63,10.94,10.94
21,2000-09-11,12.31,12.31,11.5,11.5
20,2000-09-08,13.03,13.25,12.13,12.31
19,2000-09-07,13.31,13.31,12.88,13.19
18,2000-09-06,13.25,13.25,12.88,13.0
17,2000-09-05,14.75,14.75,12.81,13.25
16,2000-09-01,14.72,14.75,14.0,14.63
15,2000-08-31,13.38,14.5,13.25,14.44
14,2000-08-30,12.59,13.25,12.5,13.25
13,2000-08-29,13.13,13.25,12.25,12.44
12,2000-08-28,13.44,13.5,12.81,12.94
11,2000-08-25,12.59,13.63,12.5,12.94
10,2000-08-24,12.88,13.5,12.25,12.5
9,2000-08-23,9.375,13.0,9.25,12.63
8,2000-08-22,9.375,9.375,9.0,9.25
7,2000-08-21,9.625,9.75,9.25,9.25
6,2000-08-18,9.281,9.75,9.0,9.5
5,2000-08-17,10.25,10.5,8.813,9.0
4,2000-08-16,11.06,11.13,10.0,10.13
3,2000-08-15,11.25,11.38,10.75,11.13
2,2000-08-14,13.31,13.38,10.19,10.63
1,2000-08-11,14.31,14.38,12.5,13.38
0,2000-08-10,16.31,17.0,14.0,14.06
